0:
 0
1:
 0
2:
 0
3:
 0
4:
 0
5:
 0
6:
 0
7:
 0
10:
 0
11:
 0
12:
 0
13:
 0
14:
 0
15:
 0
16:
 0
17:
 0
20:
 0
21:
 0
22:
 0
23:
 0
24:
 0
25:
 0
26:
 0
27:
 0
30:
 0
31:
 0
32:
 0
33:
 0
34:
 0
35:
 0
36:
 0
37:
 0
40:  
 0
41: !
 44
	0,0
	0,84
	0,200
	4,0
	0,0
	0,84
	4,0
	0,200
	0,0
	0,12
	252,252
	0,252
	4,252
	4,0
	4,4
	0,4
	252,4
	252,0
	0,0
	0,8
	0,252
	4,0
	0,4
	252,0
42: "
 72
	0,0
	240,84
	252,252
	0,232
	0,0
	240,80
	252,232
	0,0
	240,84
	4,252
	248,232
	0,0
	20,84
	252,252
	0,232
	0,0
	20,80
	252,232
	0,0
	20,84
	4,252
	248,232
43: #
 84
	0,0
	4,84
	228,144
	0,0
	28,84
	228,144
	0,0
	232,40
	56,0
	0,0
	228,16
	56,0
44: $
 76
	0,0
	0,100
	0,140
	4,0
	0,0
	0,100
	4,0
	0,140
	0,0
	20,72
	8,0
	248,8
	244,4
	244,0
	244,252
	248,248
	0,248
	4,248
	4,252
	32,240
	4,252
	4,248
	0,248
	252,248
	244,252
	244,0
	248,4
	252,4
	0,0
	20,72
	252,4
	248,4
	244,0
	244,252
	252,252
	0,248
	4,248
	32,240
	8,248
	4,248
	0,248
	252,248
	252,252
	244,252
	244,0
	244,4
	248,8
	8,0
	0,0
	24,12
	244,248
45: %
 56
	0,0
	252,84
	248,252
	252,248
	0,248
	4,248
	8,252
	8,0
	8,4
	4,8
	0,8
	252,8
	248,4
	248,0
	0,0
	252,84
	244,244
	4,240
	16,252
	12,12
	252,16
	240,4
	0,0
	4,84
	240,252
	252,240
	12,244
	16,4
	4,16
	244,12
46: &
 100
	0,0
	40,56
	248,0
	248,252
	252,248
	248,232
	252,248
	252,252
	248,252
	240,0
	248,4
	252,8
	0,8
	4,8
	4,4
	20,12
	8,8
	4,8
	0,8
	252,8
	248,4
	252,0
	248,252
	252,248
	0,248
	4,244
	8,244
	20,232
	12,244
	8,252
	8,0
	0,0
	40,56
	0,252
	248,0
	248,252
	0,0
	28,52
	252,248
	248,232
	252,248
	248,248
	248,252
	240,0
	248,4
	252,4
	252,8
	0,8
	4,8
	8,8
	20,12
	4,4
	4,8
	0,8
	252,8
	0,0
	4,76
	248,4
	252,0
	248,252
	0,0
	244,80
	252,248
	0,248
	4,244
	8,244
	20,232
	8,248
	8,252
	8,0
	0,252
47: '
 36
	0,0
	4,84
	252,252
	0,232
	0,0
	4,80
	252,232
	0,0
	4,84
	4,252
	248,232
50: (
 56
	0,0
	12,100
	248,248
	248,244
	248,240
	252,236
	0,240
	4,236
	8,240
	8,244
	8,248
	4,0
	0,0
	12,100
	4,0
	248,248
	248,244
	248,240
	252,236
	0,240
	4,236
	8,240
	8,244
	8,248
51: )
 56
	0,0
	240,100
	8,248
	8,244
	8,240
	4,236
	0,240
	252,236
	248,240
	248,244
	248,248
	4,0
	0,0
	240,100
	4,0
	8,248
	8,244
	8,240
	4,236
	0,240
	252,236
	248,240
	248,244
	248,248
52: *
 64
	0,0
	0,84
	252,252
	8,216
	252,252
	0,0
	0,84
	0,208
	0,0
	0,84
	4,252
	248,216
	4,252
	0,0
	236,72
	4,0
	32,232
	4,0
	0,0
	236,72
	40,232
	0,0
	236,72
	0,252
	40,240
	0,252
	0,0
	20,72
	252,0
	224,232
	252,0
	0,0
	20,72
	216,232
	0,0
	20,72
	0,252
	216,240
	0,252
53: +
 100
	0,0
	0,72
	0,188
	4,0
	0,0
	0,72
	4,0
	0,188
	0,0
	224,40
	68,0
	0,252
	0,0
	224,40
	0,252
	68,0
54: ,
 44
	0,0
	8,4
	252,252
	252,0
	252,4
	0,4
	4,4
	4,0
	4,252
	0,244
	252,248
	248,252
	0,0
	0,8
	0,252
	4,0
	0,4
	252,0
	0,0
	4,0
	4,252
	0,0
	8,4
	252,240
55: -
 100
	0,0
	224,40
	68,0
	0,252
	0,0
	224,40
	0,252
	68,0
56: .
 44
	0,0
	0,12
	252,252
	0,252
	4,252
	4,0
	4,4
	0,4
	252,4
	252,0
	0,0
	0,8
	0,252
	4,0
	0,4
	252,0
57: /
 92
	0,0
	36,100
	184,128
	4,0
	0,0
	36,100
	4,0
	184,128
60: 0
 80
	0,0
	252,84
	244,252
	248,244
	252,236
	0,244
	4,236
	8,244
	12,252
	8,0
	12,4
	8,12
	4,20
	0,12
	252,20
	248,12
	244,4
	248,0
	0,0
	244,80
	248,244
	252,236
	0,244
	4,236
	8,244
	0,0
	240,8
	12,252
	8,0
	12,4
	0,0
	12,4
	8,12
	4,20
	0,12
	252,20
	248,12
	0,0
	16,76
	244,4
	248,0
	244,252
61: 1
 80
	0,0
	240,68
	8,4
	12,12
	0,172
	0,0
	240,68
	0,252
	8,4
	8,8
	0,180
	4,0
62: 2
 80
	0,0
	232,64
	0,4
	4,8
	4,4
	8,4
	16,0
	8,252
	4,252
	4,248
	0,248
	252,248
	248,244
	220,216
	0,0
	232,64
	4,0
	0,4
	4,8
	8,4
	16,0
	8,252
	4,248
	0,248
	252,248
	248,244
	220,216
	0,0
	232,4
	52,0
	0,252
	0,0
	228,0
	56,0
63: 3
 80
	0,0
	236,84
	44,0
	228,220
	0,0
	236,84
	0,252
	40,0
	0,0
	20,84
	228,220
	0,0
	252,52
	8,0
	12,252
	8,248
	4,244
	0,252
	252,244
	248,248
	244,252
	244,0
	244,4
	252,4
	252,8
	4,0
	0,0
	248,48
	12,0
	12,252
	8,244
	0,0
	8,48
	12,248
	4,244
	0,252
	252,244
	244,248
	0,0
	24,20
	248,244
	244,252
	244,0
	244,4
	252,8
	0,0
	244,4
	244,8
64: 4
 80
	0,0
	12,72
	0,184
	4,0
	0,0
	16,84
	0,172
	0,0
	16,84
	212,192
	60,0
	0,0
	12,72
	220,204
	0,0
	232,24
	56,0
	0,252
65: 5
 80
	0,0
	236,84
	252,220
	0,0
	240,80
	252,228
	0,0
	236,84
	40,0
	0,252
	0,0
	240,80
	36,0
	0,0
	236,52
	12,4
	12,0
	12,252
	8,248
	4,244
	0,248
	252,244
	248,248
	244,252
	244,0
	244,4
	252,4
	252,8
	4,0
	0,0
	232,48
	4,0
	8,4
	16,0
	12,252
	8,244
	0,0
	8,52
	12,248
	4,244
	0,248
	252,244
	244,248
	0,0
	24,20
	248,244
	244,252
	244,0
	244,4
	252,8
	0,0
	244,4
	244,8
66: 6
 80
	0,0
	16,80
	4,248
	4,0
	252,8
	244,4
	248,0
	244,252
	248,244
	252,236
	0,236
	4,240
	8,248
	12,252
	4,0
	12,4
	8,8
	4,12
	0,4
	252,12
	248,8
	244,4
	252,0
	244,252
	248,248
	0,0
	20,76
	244,4
	248,0
	244,252
	0,0
	248,80
	248,244
	252,236
	0,236
	4,240
	12,248
	0,0
	236,20
	8,244
	12,252
	4,0
	12,4
	8,12
	0,0
	8,4
	12,8
	4,12
	0,4
	252,12
	244,8
	0,0
	24,32
	248,12
	244,4
	252,0
	244,252
	248,244
	0,0
	252,48
	244,248
	252,244
67: 7
 80
	0,0
	228,84
	56,0
	216,172
	0,0
	228,84
	0,252
	52,0
	0,0
	24,84
	216,172
	4,0
70: 8
 80
	0,0
	248,84
	244,252
	252,248
	0,248
	4,248
	4,252
	8,252
	16,252
	8,252
	4,252
	4,248
	0,244
	252,248
	244,252
	240,0
	244,4
	252,8
	0,12
	4,8
	4,4
	8,4
	16,4
	8,4
	4,4
	4,8
	0,8
	252,8
	244,4
	240,0
	0,0
	240,80
	252,248
	0,248
	4,248
	8,252
	16,252
	8,252
	8,248
	4,248
	0,244
	252,248
	252,252
	244,252
	240,0
	244,4
	252,4
	252,8
	0,12
	4,8
	8,8
	8,4
	16,4
	8,4
	4,8
	0,8
	252,8
	0,0
	20,76
	244,4
	240,0
	244,252
	0,0
	232,12
	12,248
	0,0
	12,4
	12,8
71: 9
 80
	0,0
	20,44
	248,248
	244,252
	252,0
	244,4
	248,8
	252,12
	0,4
	4,12
	8,8
	12,4
	4,0
	12,252
	8,248
	4,240
	0,236
	252,236
	248,244
	244,252
	248,0
	244,4
	252,8
	4,0
	4,248
	0,0
	20,56
	252,244
	244,248
	0,0
	20,52
	248,244
	244,252
	252,0
	244,4
	248,12
	0,0
	248,36
	244,8
	252,12
	0,4
	4,12
	12,8
	0,0
	232,64
	8,12
	12,4
	4,0
	12,252
	8,244
	0,0
	4,80
	12,248
	4,240
	0,236
	252,236
	248,244
	0,0
	12,8
	244,252
	248,0
	244,4
72: :
 44
	0,0
	0,56
	252,252
	0,252
	4,252
	4,0
	4,4
	0,4
	252,4
	252,0
	0,0
	0,52
	0,252
	4,0
	0,4
	252,0
	0,0
	0,12
	252,252
	0,252
	4,252
	4,0
	4,4
	0,4
	252,4
	252,0
	0,0
	0,8
	0,252
	4,0
	0,4
	252,0
73: ;
 44
	0,0
	0,56
	252,252
	0,252
	4,252
	4,0
	4,4
	0,4
	252,4
	252,0
	0,0
	0,52
	0,252
	4,0
	0,4
	252,0
	0,0
	8,4
	252,252
	252,0
	252,4
	0,4
	4,4
	4,0
	4,252
	0,244
	252,248
	248,252
	0,0
	0,8
	0,252
	4,0
	0,4
	252,0
	0,0
	4,0
	4,252
	0,0
	8,4
	252,240
74: <
 96
	0,0
	32,72
	192,220
	64,220
75: =
 100
	0,0
	224,56
	68,0
	0,252
	0,0
	224,56
	0,252
	68,0
	0,0
	224,24
	68,0
	0,252
	0,0
	224,24
	0,252
	68,0
76: >
 96
	0,0
	224,72
	64,220
	192,220
77: ?
 76
	0,0
	232,64
	0,4
	4,8
	4,4
	12,4
	12,0
	12,252
	4,252
	4,248
	0,248
	252,248
	252,252
	248,252
	244,252
	0,0
	232,64
	4,0
	0,4
	4,8
	12,4
	12,0
	12,252
	4,248
	0,248
	252,248
	248,252
	244,252
	0,0
	236,72
	12,8
	0,0
	12,80
	12,248
	0,0
	24,56
	240,244
	0,0
	0,44
	0,240
	4,0
	0,16
	0,0
	0,12
	252,252
	0,252
	4,252
	4,0
	4,4
	0,4
	252,4
	252,0
	0,0
	0,8
	0,252
	4,0
	0,4
	252,0
100: @
 108
	0,0
	20,52
	252,8
	248,4
	244,0
	248,252
	252,252
	252,244
	0,244
	4,248
	8,252
	12,0
	8,4
	4,8
	0,0
	252,64
	248,248
	252,244
	0,244
	4,248
	4,252
	0,0
	20,64
	252,224
	0,248
	8,252
	8,0
	8,8
	4,12
	0,8
	252,12
	252,8
	248,8
	248,4
	244,4
	244,0
	244,252
	248,252
	248,248
	252,248
	252,244
	0,244
	4,244
	4,248
	8,248
	8,252
	12,252
	12,0
	12,4
	8,4
	4,4
	0,0
	24,64
	252,224
	0,248
	4,252
101: A
 80
	0,0
	0,84
	224,172
	0,0
	0,72
	228,184
	252,0
	0,0
	0,72
	28,184
	4,0
	0,0
	0,84
	32,172
	0,0
	236,24
	40,0
	0,0
	232,20
	48,0
102: B
 80
	0,0
	232,84
	0,172
	0,0
	236,80
	0,180
	0,0
	232,84
	32,0
	12,252
	4,252
	4,248
	0,248
	252,248
	252,252
	244,252
	0,0
	236,80
	28,0
	12,252
	4,248
	0,248
	252,248
	244,252
	0,0
	236,48
	28,0
	12,252
	4,252
	4,248
	0,240
	252,248
	252,252
	244,252
	224,0
	0,0
	236,44
	28,0
	12,252
	4,248
	0,240
	252,248
	244,252
	228,0
103: C
 84
	0,0
	32,64
	252,8
	248,8
	248,4
	240,0
	248,252
	248,248
	252,248
	252,244
	0,236
	4,244
	4,248
	8,248
	8,252
	16,0
	8,4
	8,8
	4,8
	0,0
	32,64
	252,0
	252,8
	252,4
	248,4
	240,0
	248,252
	248,244
	252,244
	0,236
	4,244
	8,244
	8,252
	16,0
	8,4
	4,4
	4,8
	4,0
104: D
 84
	0,0
	232,84
	0,172
	0,0
	236,80
	0,180
	0,0
	232,84
	28,0
	12,252
	8,248
	4,248
	4,244
	0,236
	252,244
	252,248
	248,248
	244,252
	228,0
	0,0
	236,80
	24,0
	12,252
	4,252
	4,248
	4,244
	0,236
	252,244
	252,248
	252,252
	244,252
	232,0
105: E
 76
	0,0
	236,84
	0,172
	0,0
	240,80
	0,180
	0,0
	236,84
	48,0
	0,0
	240,80
	44,0
	0,4
	0,0
	240,44
	24,0
	0,252
	0,0
	240,40
	24,0
	0,0
	240,4
	44,0
	0,252
	0,0
	236,0
	48,0
106: F
 72
	0,0
	236,84
	0,172
	0,0
	240,80
	0,176
	252,0
	0,0
	236,84
	48,0
	0,0
	240,80
	44,0
	0,4
	0,0
	240,44
	24,0
	0,252
	0,0
	240,40
	24,0
107: G
 84
	0,0
	32,64
	252,8
	248,8
	248,4
	240,0
	248,252
	248,248
	252,248
	252,244
	0,236
	4,244
	4,248
	8,248
	8,252
	16,0
	8,4
	8,8
	4,8
	0,16
	236,0
	0,0
	32,64
	252,0
	252,8
	252,4
	248,4
	240,0
	248,252
	252,252
	252,248
	252,244
	0,236
	4,244
	4,248
	4,252
	8,252
	16,0
	8,4
	4,4
	4,8
	0,12
	240,0
	0,4
110: H
 88
	0,0
	228,84
	0,172
	0,0
	228,84
	4,0
	0,172
	252,0
	0,0
	28,84
	252,0
	0,172
	4,0
	0,0
	28,84
	0,172
	0,0
	232,44
	48,0
	0,0
	232,40
	48,0
111: I
 36
	0,0
	0,84
	0,172
	4,0
	0,0
	0,84
	4,0
	0,172
112: J
 68
	0,0
	16,84
	0,192
	252,244
	248,252
	248,0
	248,4
	252,12
	252,0
	0,0
	16,84
	4,0
	0,192
	252,244
	252,252
	248,252
	248,0
	248,4
	252,4
	252,12
113: K
 84
	0,0
	232,84
	0,172
	4,0
	0,0
	232,84
	4,0
	0,172
	0,0
	32,84
	252,0
	208,208
	0,0
	32,84
	204,204
	0,0
	248,48
	36,208
	4,0
	0,0
	252,48
	36,208
114: L
 68
	0,0
	236,84
	0,172
	0,0
	236,84
	4,0
	0,176
	0,0
	240,4
	44,0
	0,252
	0,0
	236,0
	48,0
115: M
 96
	0,0
	224,84
	0,172
	0,0
	228,64
	0,192
	252,0
	0,0
	228,64
	28,192
	0,0
	224,84
	32,184
	0,0
	32,84
	224,184
	0,0
	28,64
	228,192
	0,0
	28,64
	0,192
	4,0
	0,0
	32,84
	0,172
116: N
 88
	0,0
	228,84
	0,172
	0,0
	232,72
	0,184
	252,0
	0,0
	232,72
	52,184
	0,0
	228,84
	52,184
	0,0
	24,84
	0,184
	0,0
	24,84
	4,0
	0,172
117: O
 88
	0,0
	248,84
	248,252
	248,248
	252,248
	252,244
	0,236
	4,244
	4,248
	8,248
	8,252
	16,0
	8,4
	8,8
	4,8
	4,12
	0,20
	252,12
	252,8
	248,8
	248,4
	240,0
	0,0
	252,80
	244,252
	248,244
	252,244
	0,236
	4,244
	8,244
	12,252
	8,0
	12,4
	8,12
	4,12
	0,20
	252,12
	248,12
	244,4
	248,0
120: P
 80
	0,0
	232,84
	0,172
	0,0
	236,80
	0,176
	252,0
	0,0
	232,84
	36,0
	8,252
	4,252
	4,248
	0,244
	252,248
	252,252
	248,252
	224,0
	0,0
	236,80
	32,0
	8,252
	4,248
	0,244
	252,248
	248,252
	224,0
121: Q
 88
	0,0
	248,84
	248,252
	248,248
	252,248
	252,244
	0,236
	4,244
	4,248
	8,248
	8,252
	16,0
	8,4
	8,8
	4,8
	4,12
	0,20
	252,12
	252,8
	248,8
	248,4
	240,0
	0,0
	252,80
	244,252
	248,244
	252,244
	0,236
	4,244
	8,244
	12,252
	8,0
	12,4
	8,12
	4,12
	0,20
	252,12
	248,12
	244,4
	248,0
	0,0
	4,12
	20,236
	4,0
	0,0
	4,12
	4,0
	20,236
122: R
 80
	0,0
	232,84
	0,172
	0,0
	236,80
	0,176
	252,0
	0,0
	232,84
	32,0
	12,252
	4,252
	4,248
	0,244
	252,248
	252,252
	244,252
	228,0
	0,0
	236,80
	28,0
	12,252
	4,248
	0,244
	252,248
	244,252
	228,0
	0,0
	0,40
	24,216
	4,0
	0,0
	4,40
	24,216
123: S
 80
	0,0
	28,72
	248,8
	244,4
	240,0
	244,252
	248,248
	0,248
	4,248
	4,252
	8,252
	20,248
	8,252
	4,252
	4,248
	0,244
	252,252
	244,252
	240,0
	248,4
	252,4
	248,0
	0,0
	28,72
	248,0
	252,4
	248,4
	240,0
	244,252
	252,252
	0,248
	4,248
	8,252
	20,248
	8,252
	8,248
	4,248
	0,244
	248,248
	244,252
	240,0
	244,4
	248,8
124: T
 68
	0,0
	0,80
	0,176
	0,0
	4,80
	0,176
	252,0
	0,0
	232,84
	52,0
	0,252
	0,0
	232,84
	0,252
	52,0
125: U
 88
	0,0
	228,84
	0,196
	4,244
	8,248
	12,252
	8,0
	12,4
	8,8
	4,12
	0,60
	0,0
	228,84
	4,0
	0,196
	4,244
	4,252
	12,252
	8,0
	12,4
	4,4
	4,12
	0,60
	4,0
126: V
 80
	0,0
	224,84
	32,172
	0,0
	224,84
	4,0
	28,184
	0,0
	32,84
	252,0
	228,184
	0,0
	32,84
	224,172
127: W
 104
	0,0
	212,84
	24,172
	0,0
	212,84
	4,0
	20,184
	0,0
	0,84
	236,184
	0,0
	0,72
	236,184
	0,0
	0,72
	20,184
	0,0
	0,84
	20,184
	0,0
	44,84
	252,0
	236,184
	0,0
	44,84
	232,172
130: X
 80
	0,0
	228,84
	52,172
	4,0
	0,0
	228,84
	4,0
	52,172
	0,0
	28,84
	252,0
	204,172
	0,0
	28,84
	204,172
	252,0
131: Y
 76
	0,0
	228,84
	28,216
	0,212
	4,0
	0,0
	228,84
	4,0
	28,216
	0,0
	32,84
	252,0
	228,216
	0,0
	32,84
	228,216
	0,212
132: Z
 80
	0,0
	24,84
	204,172
	0,0
	28,84
	204,172
	0,0
	228,84
	56,0
	0,0
	228,84
	0,252
	52,0
	0,0
	232,4
	52,0
	0,252
	0,0
	228,0
	56,0
133: [
 56
	0,0
	244,100
	0,128
	0,0
	248,100
	0,128
	0,0
	244,100
	28,0
	0,0
	244,228
	28,0
134: \
 88
	0,0
	220,100
	72,128
135: ]
 56
	0,0
	8,100
	0,128
	0,0
	12,100
	0,128
	0,0
	240,100
	28,0
	0,0
	240,228
	28,0
136: ^
 44
	0,0
	8,84
	248,252
	252,248
	0,244
	4,252
	4,0
	4,4
	0,4
	252,4
	252,0
	252,252
	0,0
	0,64
	0,252
	4,0
	0,4
	252,0
	0,0
	0,80
	252,240
	0,0
	252,72
	4,252
137: _
 96
	0,0
	224,0
	64,0
140: `
 40
	0,0
	4,84
	252,252
	252,248
	0,248
	4,252
	4,4
	252,4
141: a
 80
	0,0
	20,56
	0,200
	4,0
	0,0
	20,56
	4,0
	0,200
	0,0
	20,44
	248,8
	248,4
	244,0
	248,252
	248,248
	252,244
	0,248
	4,244
	8,248
	8,252
	12,0
	8,4
	8,8
	0,0
	20,44
	240,8
	244,0
	248,252
	252,252
	252,244
	0,248
	4,244
	4,252
	8,252
	12,0
	16,8
142: b
 80
	0,0
	232,84
	0,172
	4,0
	0,0
	232,84
	4,0
	0,172
	0,0
	236,44
	8,8
	8,4
	12,0
	8,252
	8,248
	4,244
	0,248
	252,244
	248,248
	248,252
	244,0
	248,4
	248,8
	0,0
	236,44
	16,8
	12,0
	8,252
	4,252
	4,244
	0,248
	252,244
	252,252
	248,252
	244,0
	240,8
143: c
 72
	0,0
	24,44
	248,8
	248,4
	244,0
	248,252
	248,248
	252,244
	0,248
	4,244
	8,248
	8,252
	12,0
	8,4
	8,8
	0,0
	24,44
	252,252
	252,8
	248,4
	244,0
	248,252
	252,252
	252,244
	0,248
	4,244
	4,252
	8,252
	12,0
	8,4
	4,8
	4,252
144: d
 80
	0,0
	20,84
	0,172
	4,0
	0,0
	20,84
	4,0
	0,172
	0,0
	20,44
	248,8
	248,4
	244,0
	248,252
	248,248
	252,244
	0,248
	4,244
	8,248
	8,252
	12,0
	8,4
	8,8
	0,0
	20,44
	240,8
	244,0
	248,252
	252,252
	252,244
	0,248
	4,244
	4,252
	8,252
	12,0
	16,8
145: e
 72
	0,0
	236,28
	44,0
	0,12
	252,8
	252,4
	248,4
	244,0
	248,252
	248,248
	252,244
	0,248
	4,244
	8,248
	8,252
	12,0
	8,4
	8,8
	0,0
	236,32
	40,0
	0,8
	252,8
	248,4
	244,0
	248,252
	252,252
	252,244
	0,248
	4,244
	4,252
	8,252
	12,0
	8,4
	4,8
	4,252
146: f
 56
	0,0
	20,84
	248,0
	248,252
	252,244
	0,188
	4,0
	0,0
	20,84
	0,252
	248,0
	248,252
	0,0
	8,80
	252,244
	0,188
	0,0
	244,56
	28,0
	0,252
	0,0
	244,56
	0,252
	28,0
147: g
 80
	0,0
	24,56
	252,0
	0,196
	252,244
	252,252
	248,252
	248,0
	248,4
	252,4
	248,0
	0,0
	24,56
	0,196
	252,244
	248,248
	248,252
	244,0
	248,4
	248,8
	0,0
	20,44
	248,8
	248,4
	244,0
	248,252
	248,248
	252,244
	0,248
	4,244
	8,248
	8,252
	12,0
	8,4
	8,8
	0,0
	20,44
	240,8
	244,0
	248,252
	252,252
	252,244
	0,248
	4,244
	4,252
	8,252
	12,0
	16,8
150: h
 80
	0,0
	232,84
	0,172
	4,0
	0,0
	232,84
	4,0
	0,172
	0,0
	236,40
	12,12
	8,4
	12,0
	8,252
	4,244
	0,216
	0,0
	236,40
	12,8
	8,4
	8,0
	8,252
	4,248
	0,216
	4,0
151: i
 36
	0,0
	0,84
	252,252
	0,252
	4,252
	4,0
	4,4
	0,4
	252,4
	252,0
	0,0
	0,80
	0,252
	4,0
	0,4
	252,0
	0,0
	0,56
	0,200
	4,0
	0,0
	0,56
	4,0
	0,200
152: j
 36
	0,0
	0,84
	252,252
	0,252
	4,252
	4,0
	4,4
	0,4
	252,4
	252,0
	0,0
	0,80
	0,252
	4,0
	0,4
	252,0
	0,0
	0,56
	0,172
	4,0
	0,0
	0,56
	4,0
	0,172
153: k
 76
	0,0
	232,84
	0,172
	4,0
	0,0
	232,84
	4,0
	0,172
	0,0
	24,56
	252,0
	216,216
	0,0
	24,56
	212,212
	0,0
	248,28
	24,228
	8,0
	0,0
	252,32
	28,224
154: l
 36
	0,0
	0,84
	0,172
	4,0
	0,0
	0,84
	4,0
	0,172
155: m
 124
	0,0
	212,56
	0,200
	4,0
	0,0
	212,56
	4,0
	0,200
	0,0
	216,40
	12,12
	8,4
	12,0
	8,252
	4,244
	0,216
	0,0
	216,40
	12,8
	8,4
	8,0
	8,252
	4,248
	0,216
	4,0
	0,0
	4,40
	12,12
	8,4
	12,0
	8,252
	4,244
	0,216
	0,0
	4,40
	12,8
	8,4
	8,0
	8,252
	4,248
	0,216
	4,0
156: n
 80
	0,0
	232,56
	0,200
	4,0
	0,0
	232,56
	4,0
	0,200
	0,0
	236,40
	12,12
	8,4
	12,0
	8,252
	4,244
	0,216
	0,0
	236,40
	12,8
	8,4
	8,0
	8,252
	4,248
	0,216
	4,0
157: o
 76
	0,0
	252,56
	248,252
	248,248
	252,244
	0,248
	4,244
	8,248
	8,252
	12,0
	8,4
	8,8
	4,12
	0,8
	252,12
	248,8
	248,4
	244,0
	0,0
	252,52
	248,252
	252,252
	252,244
	0,248
	4,244
	4,252
	8,252
	12,0
	8,4
	4,4
	4,12
	0,8
	252,12
	252,4
	248,4
	244,0
160: p
 80
	0,0
	232,56
	0,172
	4,0
	0,0
	232,56
	4,0
	0,172
	0,0
	236,44
	8,8
	8,4
	12,0
	8,252
	8,248
	4,244
	0,248
	252,244
	248,248
	248,252
	244,0
	248,4
	248,8
	0,0
	236,44
	16,8
	12,0
	8,252
	4,252
	4,244
	0,248
	252,244
	252,252
	248,252
	244,0
	240,8
161: q
 80
	0,0
	20,56
	0,172
	4,0
	0,0
	20,56
	4,0
	0,172
	0,0
	20,44
	248,8
	248,4
	244,0
	248,252
	248,248
	252,244
	0,248
	4,244
	8,248
	8,252
	12,0
	8,4
	8,8
	0,0
	20,44
	240,8
	244,0
	248,252
	252,252
	252,244
	0,248
	4,244
	4,252
	8,252
	12,0
	16,8
162: r
 56
	0,0
	244,56
	0,200
	4,0
	0,0
	244,56
	4,0
	0,200
	0,0
	248,32
	4,12
	8,8
	8,4
	12,0
	0,0
	248,32
	4,8
	8,8
	8,4
	12,0
	0,4
163: s
 68
	0,0
	24,44
	252,8
	244,4
	244,0
	244,252
	252,248
	4,248
	8,252
	20,248
	8,252
	0,0
	16,24
	4,248
	0,252
	252,248
	0,0
	20,8
	244,252
	244,0
	244,4
	0,0
	244,4
	252,8
	252,0
	0,0
	24,44
	252,0
	252,8
	0,0
	20,48
	244,4
	244,0
	244,252
	0,0
	244,52
	252,248
	4,248
	0,0
	240,40
	8,252
	20,248
	8,252
	4,248
	0,252
	252,248
	244,252
	244,0
	244,4
	252,8
164: t
 44
	0,0
	0,84
	0,172
	4,0
	0,0
	0,84
	4,0
	0,172
	0,0
	244,56
	28,0
	0,252
	0,0
	244,56
	0,252
	28,0
165: u
 80
	0,0
	232,56
	0,216
	4,244
	8,252
	12,0
	8,4
	12,12
	0,0
	232,56
	4,0
	0,216
	4,248
	8,252
	8,0
	8,4
	12,8
	0,0
	20,56
	0,200
	4,0
	0,0
	20,56
	4,0
	0,200
166: v
 64
	0,0
	232,56
	24,200
	0,0
	232,56
	4,0
	20,208
	0,0
	24,56
	252,0
	236,208
	0,0
	24,56
	232,200
167: w
 96
	0,0
	220,56
	20,200
	0,0
	220,56
	4,0
	16,212
	0,0
	0,56
	240,212
	0,0
	0,44
	240,212
	0,0
	0,44
	16,212
	0,0
	0,56
	16,212
	0,0
	36,56
	252,0
	240,212
	0,0
	36,56
	236,200
170: x
 72
	0,0
	232,56
	44,200
	4,0
	0,0
	232,56
	4,0
	44,200
	0,0
	24,56
	252,0
	212,200
	0,0
	24,56
	212,200
	252,0
171: y
 64
	0,0
	232,56
	24,200
	0,0
	232,56
	4,0
	20,208
	0,0
	24,56
	252,0
	236,208
	240,220
	0,0
	24,56
	232,200
	244,228
	252,0
172: z
 72
	0,0
	16,52
	216,204
	0,0
	24,56
	216,204
	0,0
	232,56
	48,0
	0,0
	232,56
	0,252
	40,0
	0,0
	240,4
	40,0
	0,252
	0,0
	232,0
	48,0
173: {
 56
	0,0
	8,100
	248,252
	252,252
	252,248
	0,248
	4,248
	4,252
	4,248
	0,248
	248,248
	0,0
	0,96
	252,248
	0,248
	4,248
	4,252
	4,248
	0,248
	252,248
	240,248
	16,248
	4,248
	0,248
	252,248
	252,252
	252,248
	0,248
	4,248
	0,0
	252,32
	8,248
	0,248
	252,248
	252,252
	252,248
	0,248
	4,248
	4,252
	8,252
174: |
 32
	0,0
	0,100
	0,128
175: }
 56
	0,0
	248,100
	8,252
	4,252
	4,248
	0,248
	252,248
	252,252
	252,248
	0,248
	8,248
	0,0
	0,96
	4,248
	0,248
	252,248
	252,252
	252,248
	0,248
	4,248
	16,248
	240,248
	252,248
	0,248
	4,248
	4,252
	4,248
	0,248
	252,248
	0,0
	4,32
	248,248
	0,248
	4,248
	4,252
	4,248
	0,248
	252,248
	252,252
	248,252
176: ~
 44
	0,0
	8,76
	252,252
	252,0
	252,4
	0,4
	4,4
	4,0
	4,252
	0,244
	252,248
	248,252
	0,0
	0,80
	0,252
	4,0
	0,4
	252,0
	0,0
	4,72
	4,252
	0,0
	8,76
	252,240
177:
 0
