0:
 0
1:
 67
	0,0
	249,0
	245,4
	244,12
	253,15
	0,36
	8,255
	1,215
	5,247
	10,249
	15,255
	1,1
	10,5
	7,12
	2,40
	7,255
	255,213
	251,247
	247,247
	242,252
	246,0
	0,0
	232,8
2:
 68
	0,0
	28,0
	252,4
	255,40
	248,11
	247,4
	246,1
	245,252
	247,246
	254,242
	255,226
	251,255
	254,4
	1,42
	7,11
	3,3
	13,6
	16,1
	12,251
	11,245
	4,242
	255,219
	253,255
	0,0
	25,1
	0,0
	222,2
3:
 76
	0,0
	252,2
	239,4
	245,9
	251,11
	255,7
	3,12
	9,11
	11,5
	18,2
	33,255
	255,249
	210,255
	244,249
	251,248
	255,245
	5,247
	10,249
	14,254
	36,255
	1,251
	250,254
	222,0
4:
 75
	0,0
	227,2
	249,2
	1,6
	46,1
	1,1
	10,5
	5,7
	2,8
	255,7
	1,1
	246,11
	244,4
	213,0
	255,6
	2,2
	48,255
	12,250
	8,248
	4,244
	255,243
	248,244
	246,250
	244,254
	222,0
5:
 67
	0,0
	225,252
	255,5
	2,2
	62,255
	1,251
	193,255
	0,0
	225,3
	0,0
	249,10
	245,4
	245,11
	252,16
	3,13
	9,11
	1,1
	13,4
	37,1
	2,252
	255,253
	216,254
	245,249
	251,246
	1,244
	9,245
	7,253
	40,254
	1,251
	236,254
	237,0
	0,0
	32,18
6:
 66
	0,0
	223,252
	65,1
	0,6
	191,0
	0,250
	0,0
	224,11
	44,1
	1,1
	8,4
	7,8
	4,12
	255,14
	249,12
	246,6
	234,2
	234,1
	253,254
	1,250
	41,255
	11,249
	5,246
	255,244
	249,246
	248,252
	214,254
	0,250
	0,0
	24,19
7:
 85
	0,0
	1,0
	213,72
	2,3
	82,255
	226,200
	246,238
	0,0
	1,15
	231,41
	251,10
	1,1
	57,255
	245,234
	240,228
	0,0
	215,75
10:
 0
11:
 0
12:
 0
13:
 36
	0,0
	251,237
	255,76
	255,1
	248,254
	253,2
	4,4
	13,15
	18,236
	0,0
	252,237
	8,1
	1,76
	10,254
	0,0
	238,57
14:
 35
	0,0
	254,236
	248,11
	249,9
	10,255
	2,0
	2,75
	8,255
	1,181
	10,2
	1,254
	239,238
	255,0
15:
 107
	0,0
	222,20
	237,15
	2,3
	14,10
	2,2
	3,0
	255,247
	85,254
	1,250
	252,254
	174,255
	2,247
	254,255
	0,0
	203,34
16:
 105
	0,0
	31,21
	1,10
	172,2
	0,7
	85,1
	254,8
	0,2
	4,254
	16,245
	1,254
	251,251
	241,246
	0,0
	204,32
17:
 0
20:
 47
	0,0
	253,252
	247,5
	248,10
	253,15
	3,11
	4,6
	9,3
	8,255
	8,250
	2,254
	2,4
	255,17
	248,10
	249,1
	255,255
	2,250
	255,251
	252,254
	249,7
	1,8
	4,4
	8,1
	8,253
	9,247
	5,244
	2,242
	255,238
	249,240
	249,250
	246,255
	0,0
	252,2
	249,7
	255,15
	4,11
	2,2
	7,1
	8,248
	1,247
	252,243
	251,251
	252,255
	0,0
	245,57
21:
 0
22:
 0
23:
 0
24:
 0
25:
 0
26:
 0
27:
 0
30:
 0
31:
 0
32:
 0
33:
 0
34:
 0
35:
 0
36:
 0
37:
 60
	0,0
	228,80
	254,2
	3,5
	56,255
	255,251
	201,255
40:  
 0
41: !
 87
	0,0
	213,0
	17,18
	239,2
	0,7
	30,1
	1,1
	12,11
	213,2
	0,7
	54,1
	19,18
	10,255
	241,240
	4,254
	14,255
	255,249
	228,255
	243,244
	42,254
	255,249
	204,255
	235,238
	245,0
	0,0
	43,27
	0,0
	213,41
	0,0
	35,60
	0,0
	38,63
42: "
 31
	0,0
	246,44
	254,6
	253,18
	3,5
	6,255
	3,250
	252,235
	254,255
	0,0
	7,44
	253,12
	254,11
	2,4
	7,1
	3,253
	1,251
	251,236
	254,0
43: #
 77
	0,0
	6,252
	252,2
	4,22
	238,1
	252,248
	251,240
	250,0
	2,13
	3,10
	240,2
	2,6
	15,1
	3,6
	3,10
	250,2
	246,0
	2,6
	1,1
	15,1
	3,10
	4,11
	4,1
	2,252
	252,238
	19,255
	7,22
	3,1
	3,253
	252,237
	14,253
	255,251
	240,254
	253,240
	14,254
	255,250
	240,255
	250,233
	254,255
	0,0
	2,253
	0,0
	247,28
	254,3
	5,15
	19,255
	252,241
	252,254
	243,0
	0,0
	226,53
	0,0
	0,76
	0,0
	21,76
	0,0
	28,76
44: $
 0
45: %
 57
	0,0
	242,16
	11,1
	1,1
	7,4
	8,251
	10,255
	1,1
	4,3
	0,5
	246,254
	248,4
	254,6
	1,7
	4,4
	10,1
	4,255
	0,6
	244,2
	247,251
	253,255
	248,5
	248,1
	247,251
	251,249
	255,247
	5,246
	8,252
	0,0
	242,23
	9,1
	2,2
	3,3
	2,4
	254,6
	249,6
	247,255
	250,249
	1,248
	6,251
46: &
 28
	0,0
	246,0
	252,5
	0,3
	9,253
	6,1
	2,3
	243,15
	1,11
	1,2
	251,10
	1,10
	4,5
	6,2
	6,255
	4,250
	255,251
	248,4
	254,1
	250,252
	4,249
	10,249
	7,245
	255,246
	252,249
	254,248
	250,253
	248,0
	0,0
	1,21
	251,9
	1,3
	4,254
	4,251
	255,251
	254,0
47: '
 20
	0,0
	247,56
	255,4
	5,14
	8,1
	6,254
	242,239
	253,0
50: (
 140
	0,0
	190,7
	253,3
	255,10
	1,2
	255,8
	2,27
	1,1
	13,1
	4,252
	2,254
	23,7
	24,3
	38,1
	29,254
	3,250
	254,252
	250,254
	233,254
	254,254
	1,249
	250,250
	250,253
	255,248
	248,250
	254,251
	245,254
	240,2
	232,253
	243,4
	252,252
	245,255
	0,0
	191,16
	254,10
	2,27
	1,1
	4,255
	252,219
	0,0
	199,16
	254,9
	2,18
	1,6
	1,1
	2,252
	254,232
	255,250
51: )
 142
	0,0
	54,6
	15,1
	1,12
	255,1
	1,8
	255,1
	1,3
	253,25
	242,1
	249,250
	237,6
	244,2
	236,2
	226,1
	224,254
	252,251
	2,250
	10,254
	21,254
	1,254
	254,250
	4,250
	8,252
	1,249
	5,252
	3,253
	2,252
	8,254
	24,2
	21,253
	1,1
	11,3
	4,252
	0,0
	55,15
	3,3
	253,29
	255,1
	255,243
	1,237
	0,0
	64,16
	252,33
	1,4
	3,255
	2,222
	255,255
	0,0
	232,18
	0,0
	186,59
52: *
 36
	0,0
	255,13
	253,4
	2,8
	253,1
	249,250
	251,1
	255,4
	2,3
	10,3
	250,2
	251,2
	255,5
	1,1
	7,255
	6,251
	1,4
	254,7
	3,3
	4,255
	2,252
	254,249
	3,0
	6,6
	5,255
	1,252
	251,252
	250,254
	4,254
	6,254
	1,251
	252,254
	252,1
	251,5
	254,253
	2,250
	254,252
	254,255
	0,0
	253,14
	0,0
	3,14
	0,0
	248,22
	0,0
	15,35
	0,0
	248,39
	0,0
	252,48
53: +
 75
	0,0
	251,0
	255,31
	225,0
	0,8
	32,1
	0,31
	8,255
	1,225
	33,255
	255,249
	223,255
	255,226
	250,0
54: ,
 80
	0,0
	33,231
	183,33
	1,7
	28,245
	48,234
	1,253
	254,252
	254,0
	0,0
	37,231
	0,0
	35,252
	183,32
	255,2
	1,1
	57,24
	18,6
	2,254
	254,250
	213,239
	243,249
	55,231
	2,252
	254,252
55: -
 77
	0,0
	218,30
	0,9
	76,255
	255,248
	182,0
56: .
 79
	0,0
	219,230
	254,4
	2,4
	1,1
	34,14
	18,7
	21,9
	2,252
	255,252
	186,227
	252,255
	0,0
	218,238
	0,0
	219,251
	254,4
	2,4
	1,1
	40,16
	14,7
	255,2
	201,24
	255,6
	1,1
	13,252
	53,233
	9,251
	0,254
	228,244
	211,238
	0,0
	218,3
57: /
 42
	0,0
	235,242
	35,99
	6,0
	221,157
	251,0
	0,0
	13,85
60: 0
 23
	0,0
	245,240
	1,81
	6,11
	7,7
	7,2
	0,254
	250,243
	253,238
	254,188
	247,0
	0,0
	0,240
	0,0
	255,80
61: 1
 23
	0,0
	8,240
	247,5
	248,12
	254,16
	0,68
	11,255
	1,183
	5,238
	5,248
	254,255
62: 2
 24
	0,0
	0,240
	255,72
	250,21
	251,8
	6,255
	11,247
	5,244
	1,177
	246,0
63: 3
 24
	0,0
	244,240
	7,14
	3,13
	2,24
	0,50
	11,255
	255,176
	249,244
	245,248
	253,0
64: 4
 25
	0,0
	1,240
	255,39
	249,9
	251,3
	1,1
	8,6
	4,12
	0,31
	11,255
	255,214
	249,249
	7,248
	1,213
	246,0
	0,0
	244,34
65: 5
 25
	0,0
	244,240
	1,42
	7,8
	249,8
	255,42
	11,255
	1,218
	7,247
	5,253
	245,247
	254,244
	255,228
	247,0
66: 6
 24
	0,0
	244,239
	0,102
	23,255
	255,250
	245,255
	255,162
	247,0
67: 7
 24
	0,0
	244,239
	0,102
	11,255
	1,162
	11,255
	255,250
	235,0
70: 8
 23
	0,0
	0,239
	255,95
	246,0
	0,7
	22,255
	255,155
	247,0
71: 9
 23
	0,0
	245,239
	0,7
	11,1
	0,94
	11,255
	255,155
	236,0
72: :
 37
	0,0
	255,0
	251,5
	3,12
	254,1
	248,254
	252,1
	255,5
	2,3
	3,1
	9,253
	1,4
	253,7
	2,7
	1,5
	255,1
	246,253
	252,4
	2,6
	8,255
	4,254
	1,5
	253,7
	4,6
	5,255
	2,252
	253,245
	2,254
	1,1
	9,2
	3,252
	255,251
	250,255
	249,3
	255,252
	4,247
	252,246
	7,0
	1,1
	6,255
	2,251
	252,252
	250,1
	252,2
	254,253
	3,246
	254,252
	253,255
	0,0
	16,53
	0,0
	252,68
73: ;
 76
	0,0
	221,0
	253,3
	1,3
	73,255
	1,253
	252,254
	189,0
	0,0
	36,0
	0,0
	218,1
	0,0
	253,11
	254,21
	223,0
	1,1
	255,6
	1,1
	33,1
	0,19
	6,1
	2,252
	1,240
	31,254
	1,251
	252,254
	227,255
	255,236
	251,0
74: <
 77
	0,0
	34,0
	205,23
	236,10
	255,2
	1,1
	47,20
	27,9
	1,250
	248,252
	212,238
	252,254
	5,251
	50,233
	255,249
	255,0
75: =
 74
	0,0
	219,23
	0,8
	73,255
	255,249
	185,0
	0,0
	219,37
	0,8
	73,255
	255,249
	185,0
76: >
 79
	0,0
	218,0
	255,7
	1,1
	48,20
	1,1
	5,2
	254,4
	204,23
	255,3
	2,4
	16,251
	44,237
	16,248
	255,254
	242,249
	205,235
	246,253
	0,0
	218,65
77: ?
 93
	0,0
	16,20
	233,6
	244,3
	246,1
	240,250
	255,7
	2,2
	14,4
	17,255
	17,251
	20,252
	14,3
	1,1
	6,1
	1,249
	242,252
	241,255
100: @
 85
	0,0
	251,251
	241,4
	245,8
	249,8
	252,12
	1,18
	7,12
	3,4
	15,9
	15,3
	20,255
	11,250
	7,249
	3,249
	2,246
	254,245
	249,246
	248,252
	248,255
	250,3
	254,2
	248,251
	243,1
	250,6
	255,12
	3,8
	5,7
	9,4
	5,1
	10,252
	3,3
	5,255
	254,243
	253,242
	4,253
	7,2
	7,10
	1,13
	251,9
	246,8
	244,2
	240,255
	240,247
	248,245
	253,246
	0,254
	3,243
	8,245
	10,250
	15,253
	14,1
	1,1
	12,4
	1,1
	6,1
	2,253
	246,250
	242,252
	239,255
	0,0
	250,23
	252,6
	1,8
	6,9
	6,2
	6,252
	255,244
	250,248
	249,255
	0,0
	14,53
101: A
 93
	0,0
	212,12
	254,5
	3,3
	87,0
	255,255
	3,252
	253,253
	170,0
	0,0
	45,18
	0,0
	211,19
	0,0
	20,29
	235,5
	239,5
	245,1
	240,251
	1,8
	16,4
	15,255
	28,248
	15,255
	1,1
	9,2
	1,1
	5,255
	255,250
	242,252
	246,255
102: B
 9
	0,0
	252,250
	0,110
	5,1
	3,253
	255,148
	250,0
	0,0
	4,104
103: C
 66
	0,0
	23,246
	254,6
	207,255
	253,253
	254,2
	5,21
	1,1
	3,253
	255,255
	3,253
	46,255
	2,4
	2,4
	3,255
	252,235
	253,252
	0,0
	26,247
	0,0
	17,19
	255,8
	219,255
	253,250
	253,1
	6,25
	3,255
	1,251
	36,255
	4,6
	3,255
	251,232
	253,255
	0,0
	233,20
	0,0
	22,45
	0,0
	25,49
	254,6
	205,255
	254,252
	254,0
	4,22
	1,1
	3,255
	1,252
	50,1
	2,4
	3,255
	252,236
	254,253
	0,0
	227,50
104: D
 59
	0,0
	229,0
	254,4
	18,45
	10,23
	2,255
	16,218
	8,236
	4,244
	201,255
	0,0
	227,1
	0,0
	236,11
	255,3
	16,38
	1,1
	16,216
	254,254
	227,0
105: E
 68
	0,0
	225,0
	253,5
	5,6
	2,2
	252,13
	255,6
	3,12
	12,14
	13,4
	15,255
	9,251
	1,1
	8,5
	4,252
	255,252
	251,252
	255,254
	4,246
	1,246
	253,247
	254,252
	245,245
	242,252
	245,1
	245,5
	249,250
	254,0
	0,0
	253,9
	248,4
	255,1
	10,10
	20,17
	3,253
	1,247
	250,244
	247,250
	247,254
	0,0
	22,9
	0,0
	237,21
	253,6
	255,7
	6,12
	2,2
	8,4
	12,1
	6,253
	254,252
	238,240
	247,247
106: F
 69
	0,0
	243,0
	255,4
	7,1
	1,6
	250,2
	245,4
	249,6
	252,8
	1,14
	5,7
	10,5
	12,3
	255,6
	249,2
	1,3
	27,255
	1,254
	250,254
	253,255
	1,251
	4,254
	9,254
	8,251
	5,248
	1,243
	251,247
	248,250
	242,253
	255,250
	4,254
	4,255
	255,253
	231,0
	0,0
	247,17
	247,5
	251,10
	1,13
	7,8
	8,1
	1,221
	254,254
	0,0
	8,17
	254,4
	1,33
	9,254
	6,249
	2,245
	253,247
	250,250
	250,254
107: G
 53
	0,0
	239,0
	247,2
	0,3
	7,1
	1,58
	252,3
	252,0
	1,4
	51,255
	255,237
	248,13
	246,2
	243,255
	1,197
	7,254
	255,253
	239,255
	0,0
	230,1
110: H
 68
	0,0
	249,0
	242,7
	248,9
	252,10
	255,18
	8,16
	8,8
	12,4
	8,1
	13,252
	12,244
	5,244
	1,246
	253,242
	248,244
	247,250
	244,253
	249,0
	0,0
	249,4
	246,10
	254,12
	255,15
	3,16
	8,10
	10,2
	10,252
	5,248
	2,238
	255,238
	250,244
	248,251
	247,0
	0,0
	8,21
	254,8
	242,1
	254,252
	255,252
	253,1
	2,26
	2,255
	2,249
	15,1
	2,6
	2,255
	1,253
	254,233
	255,0
	0,0
	8,48
111: I
 89
	0,0
	212,8
	1,9
	86,255
	1,250
	252,254
	173,0
	0,0
	212,31
	0,9
	88,255
	255,255
	1,249
	169,0
	0,0
	212,53
	0,9
	88,255
	255,248
	170,0
112: J
 66
	0,0
	230,234
	249,5
	1,7
	1,1
	5,1
	5,253
	2,250
	6,3
	5,8
	2,24
	1,53
	7,14
	6,6
	12,4
	8,255
	4,250
	253,250
	250,255
	251,5
	255,4
	250,251
	251,244
	255,224
	1,226
	253,243
	248,243
	246,250
	246,255
	0,0
	3,87
113: K
 0
114: L
 65
	0,0
	224,0
	1,4
	5,1
	3,6
	22,60
	4,254
	22,192
	4,254
	3,255
	255,254
	230,1
	1,3
	6,1
	241,45
	255,1
	240,211
	2,254
	5,255
	255,253
	239,0
115: M
 43
	0,0
	11,0
	241,4
	246,9
	251,8
	254,10
	1,14
	7,11
	5,5
	13,5
	13,1
	3,253
	255,252
	240,255
	245,249
	250,248
	255,250
	35,254
	255,251
	222,255
	1,250
	8,245
	11,251
	14,254
	255,250
	249,0
	0,0
	21,37
	0,0
	244,58
	0,0
	21,66
116: N
 50
	0,0
	17,20
	254,17
	216,1
	1,8
	47,255
	1,232
	250,255
117: O
 75
	0,0
	249,0
	244,5
	246,8
	250,12
	254,10
	1,11
	6,12
	4,5
	10,6
	10,3
	11,1
	15,251
	12,244
	5,241
	255,241
	248,242
	246,248
	243,252
	245,0
	0,0
	252,6
	244,4
	245,11
	252,10
	255,7
	4,13
	7,8
	12,6
	11,2
	13,252
	11,247
	5,245
	255,240
	248,244
	247,250
	248,254
	248,255
	0,0
	232,55
120: P
 72
	0,0
	223,0
	253,3
	2,2
	6,1
	1,60
	248,2
	2,3
	68,255
	255,252
	249,255
	255,197
	8,253
	255,253
	227,1
	1,4
	7,1
	1,59
	231,1
	255,196
	7,254
	255,253
	231,255
	0,0
	34,4
121: Q
 76
	0,0
	243,0
	28,1
	0,2
	248,2
	255,12
	3,3
	9,3
	7,8
	3,10
	2,11
	2,2
	4,251
	1,6
	252,6
	249,1
	252,253
	254,248
	252,236
	249,249
	254,2
	255,39
	1,1
	7,1
	255,3
	229,0
	1,253
	7,254
	255,215
	249,5
	252,16
	253,13
	250,4
	250,255
	253,254
	254,247
	3,255
	2,4
	1,1
	3,250
	3,243
	7,246
	13,249
	1,245
	253,253
	250,255
	0,254
122: R
 82
	0,0
	250,237
	247,14
	243,20
	243,2
	1,5
	19,1
	5,251
	17,228
	26,73
	8,21
	1,1
	4,255
	254,246
	246,228
	233,191
	246,0
123: S
 67
	0,0
	11,0
	213,2
	16,21
	10,12
	254,4
	231,31
	0,1
	44,1
	12,254
	5,241
	254,255
	250,8
	242,2
	240,255
	4,249
	13,240
	1,254
	236,231
	16,254
	21,1
	6,7
	2,255
	252,239
	239,255
	0,0
	30,19
124: T
 0
125: U
 66
	0,0
	244,0
	254,2
	1,1
	8,2
	255,27
	240,27
	254,3
	253,1
	250,253
	2,7
	3,3
	9,1
	6,252
	16,228
	3,3
	12,27
	3,3
	7,255
	4,251
	255,251
	255,0
	252,5
	250,254
	250,244
	248,235
	1,230
	8,254
	253,253
	233,0
	0,0
	14,0
	0,0
	30,70
126: V
 12
	0,0
	250,239
	0,102
	11,255
	255,155
	247,0
127: W
 72
	0,0
	226,0
	252,8
	254,11
	4,254
	3,250
	11,1
	246,14
	253,12
	255,5
	3,12
	8,11
	11,5
	6,1
	15,254
	10,249
	6,248
	3,240
	251,240
	248,244
	10,255
	6,9
	2,253
	250,240
	233,0
	2,7
	4,10
	4,20
	255,18
	249,10
	245,3
	248,252
	251,248
	254,242
	2,239
	9,232
	234,255
	0,0
	31,18
130: X
 56
	0,0
	231,3
	253,4
	5,6
	16,15
	254,4
	238,17
	2,4
	1,1
	4,254
	21,239
	10,10
	11,9
	4,254
	1,253
	236,235
	20,235
	252,252
	252,2
	237,17
	234,237
	254,0
	0,0
	246,25
	0,0
	16,37
131: Y
 0
132: Z
 0
133: [
 0
134: \
 40
	0,0
	13,254
	6,1
	253,10
	228,67
	248,0
	12,223
	20,212
135: ]
 0
136: ^
 35
	0,0
	239,57
	2,6
	9,12
	12,255
	9,244
	2,251
	250,1
	244,8
	242,247
	255,0
137: _
 60
	0,0
	226,234
	59,1
	0,6
	198,0
	255,250
140: `
 23
	0,0
	4,56
	241,17
	1,1
	13,1
	4,252
	4,241
	250,0
141: a
 53
	0,0
	13,0
	248,7
	244,250
	244,1
	250,7
	255,12
	4,11
	6,7
	8,4
	12,1
	5,252
	4,248
	2,252
	4,8
	2,6
	5,255
	251,240
	250,248
	1,247
	9,255
	255,252
	247,253
	255,0
	0,0
	234,4
	0,0
	243,6
	252,6
	1,10
	7,14
	4,4
	3,1
	5,253
	2,246
	255,241
	246,249
	250,0
142: b
 55
	0,0
	231,234
	254,3
	8,41
	6,25
	6,11
	5,5
	15,3
	10,251
	3,249
	1,248
	251,246
	251,252
	7,248
	1,245
	253,248
	249,250
	246,254
	245,2
	249,5
	252,240
	253,247
	252,255
	0,0
	229,235
	0,0
	20,2
	0,0
	255,4
	248,6
	254,9
	7,32
	5,7
	3,3
	6,1
	7,251
	1,245
	251,248
	250,255
	249,1
	254,252
	1,253
	11,254
	5,249
	255,245
	249,249
	249,0
143: c
 45
	0,0
	248,240
	250,4
	2,4
	15,253
	5,2
	1,5
	250,4
	241,1
	249,4
	253,9
	2,9
	5,5
	8,4
	254,3
	252,4
	1,10
	5,5
	8,4
	253,6
	3,6
	1,1
	4,255
	0,254
	254,252
	5,253
	1,1
	9,4
	3,255
	255,250
	238,250
	251,250
	255,249
	5,252
	7,1
	1,1
	8,2
	2,250
	252,253
	238,254
	250,252
	253,249
	1,251
	6,252
	12,253
	5,251
	255,245
	251,251
	242,255
	0,0
	243,242
144: d
 42
	0,0
	251,0
	247,5
	251,7
	254,9
	1,3
	255,1
	5,10
	3,3
	9,4
	252,5
	250,7
	255,8
	5,7
	8,2
	10,253
	9,245
	1,250
	255,255
	245,10
	246,3
	251,255
	255,252
	12,247
	10,249
	7,245
	1,244
	250,244
	247,250
	247,255
	0,0
	252,4
	250,7
	1,17
	7,9
	6,1
	5,251
	2,249
	253,242
	250,249
	251,255
145: e
 39
	0,0
	1,0
	244,4
	250,7
	254,12
	2,9
	5,7
	11,5
	16,2
	4,254
	255,252
	243,255
	247,250
	255,253
	20,254
	255,248
	234,255
	2,249
	10,251
	12,255
	255,251
	243,255
	0,0
	19,45
146: f
 63
	0,0
	246,238
	254,4
	3,14
	250,3
	247,5
	250,8
	255,11
	5,10
	4,4
	12,4
	9,2
	3,6
	4,16
	1,1
	6,255
	1,247
	253,246
	255,252
	14,249
	6,248
	1,245
	250,245
	248,251
	243,253
	249,255
	250,238
	0,0
	244,239
	0,0
	0,6
	255,2
	9,31
	1,1
	8,252
	2,248
	255,247
	248,246
	247,253
	0,0
	244,7
	250,7
	255,12
	5,9
	4,4
	6,2
	3,255
	249,224
	253,255
147: g
 50
	0,0
	247,234
	6,3
	7,19
	13,19
	5,10
	2,10
	255,2
	251,255
	244,232
	255,255
	254,6
	255,8
	250,11
	249,3
	249,255
	250,249
	255,248
	3,1
	4,5
	4,1
	7,251
	4,242
	1,242
	246,240
	1,251
	1,255
	0,0
	235,40
150: h
 44
	0,0
	243,0
	250,6
	253,10
	1,21
	7,16
	10,12
	9,3
	8,255
	5,251
	3,243
	255,239
	248,238
	248,246
	247,252
	249,0
	0,0
	247,3
	252,6
	1,16
	2,4
	17,255
	251,240
	250,248
	252,255
	0,0
	249,35
	254,4
	6,18
	7,8
	5,255
	3,252
	1,253
	255,254
	0,254
	254,241
	253,253
	243,0
151: i
 26
	0,0
	251,0
	250,4
	254,8
	6,29
	2,3
	8,255
	252,235
	254,245
	4,253
	6,3
	4,7
	1,248
	251,249
	250,253
	251,0
	0,0
	8,3
	0,0
	250,44
152: j
 66
	0,0
	254,8
	251,5
	1,4
	2,2
	4,1
	5,251
	255,252
	251,253
	0,0
	3,19
	0,0
	224,28
	255,6
	64,1
	1,249
	193,0
	0,0
	252,44
	253,3
	1,6
	1,1
	4,1
	4,254
	1,250
	252,253
	253,0
	0,0
	3,45
153: k
 50
	0,0
	12,0
	249,4
	246,16
	250,254
	253,244
	254,251
	247,1
	6,32
	4,11
	8,255
	254,240
	5,0
	2,2
	17,15
	7,255
	2,250
	252,252
	246,255
	251,249
	11,236
	4,254
	2,254
	250,254
	253,0
154: l
 52
	0,0
	13,0
	250,4
	245,27
	245,227
	247,255
	254,2
	19,40
	250,16
	249,9
	1,1
	8,253
	10,243
	10,231
	8,236
	7,255
	0,254
	255,253
	248,254
	255,0
	0,0
	230,2
155: m
 65
	0,0
	226,236
	254,6
	6,24
	10,33
	1,1
	7,255
	1,252
	250,232
	2,250
	6,254
	7,4
	5,12
	6,19
	1,1
	8,255
	1,254
	249,227
	2,252
	6,0
	6,8
	2,254
	254,247
	250,251
	249,255
	249,5
	254,3
	248,250
	246,255
	249,5
	254,250
	252,240
	252,254
	254,0
156: n
 46
	0,0
	234,0
	8,38
	247,3
	1,2
	19,1
	1,250
	250,230
	4,0
	2,2
	12,12
	2,10
	1,6
	1,1
	3,1
	4,252
	1,251
	250,244
	240,241
	239,248
	252,0
157: o
 47
	0,0
	246,0
	246,9
	253,12
	2,10
	8,10
	10,4
	14,255
	8,250
	3,249
	1,245
	250,244
	248,250
	246,254
	248,0
	0,0
	251,4
	251,5
	255,15
	6,14
	2,2
	8,1
	6,250
	255,238
	251,247
	250,252
	253,0
160: p
 67
	0,0
	237,0
	253,4
	1,9
	10,21
	246,1
	249,251
	254,252
	253,1
	4,10
	5,6
	12,3
	43,255
	2,252
	253,250
	242,255
	254,227
	251,251
	251,1
	254,4
	1,10
	7,17
	255,3
	242,255
	254,248
	253,235
	251,251
	253,0
	0,0
	12,1
161: q
 60
	0,0
	247,236
	254,4
	2,15
	242,8
	251,10
	255,7
	4,12
	251,5
	2,4
	7,1
	5,251
	1,246
	253,240
	3,250
	5,253
	2,4
	5,38
	3,18
	2,2
	6,255
	2,251
	245,200
	6,0
	6,8
	5,25
	5,6
	6,255
	2,252
	254,252
	253,254
	1,240
	249,244
	246,251
	245,254
	252,238
	255,255
	0,0
	245,237
	0,0
	28,36
	0,0
	227,38
162: r
 53
	0,0
	233,236
	253,3
	9,47
	7,11
	2,2
	10,3
	11,255
	8,251
	4,250
	1,242
	250,244
	247,250
	244,254
	246,3
	250,234
	251,255
	0,0
	253,5
	250,6
	1,14
	5,12
	4,4
	8,1
	5,251
	1,247
	251,240
	249,249
	251,0
163: s
 66
	0,0
	244,0
	247,2
	247,7
	253,12
	2,10
	8,10
	12,4
	43,255
	255,248
	239,255
	255,253
	1,242
	249,245
	248,251
	246,254
	0,0
	243,4
	249,5
	254,8
	2,13
	7,10
	8,1
	6,252
	2,248
	254,243
	249,246
	250,254
164: t
 46
	0,0
	248,0
	6,1
	3,6
	2,26
	2,2
	16,1
	1,7
	230,2
	245,254
	250,249
	254,248
	3,0
	4,6
	14,1
	1,253
	247,236
	255,247
	2,254
	0,0
	238,41
165: u
 49
	0,0
	248,0
	248,5
	255,15
	4,15
	252,3
	250,253
	255,4
	4,4
	10,2
	6,252
	2,246
	251,234
	6,252
	8,5
	6,8
	2,12
	255,12
	2,2
	6,255
	2,246
	253,243
	245,241
	246,251
	249,0
	0,0
	234,42
166: v
 40
	0,0
	246,248
	250,4
	1,2
	11,255
	3,4
	250,7
	246,8
	253,9
	1,9
	5,6
	8,2
	11,1
	8,253
	6,250
	255,249
	249,255
	247,10
	247,1
	252,253
	255,251
	10,246
	9,249
	2,248
	255,250
	249,251
	246,255
	0,0
	240,251
167: w
 64
	0,0
	7,0
	248,5
	255,1
	246,251
	245,1
	249,7
	254,10
	2,11
	6,9
	12,6
	6,255
	255,254
	249,250
	250,244
	255,246
	3,250
	7,255
	1,1
	3,3
	2,18
	3,5
	6,1
	4,250
	255,248
	252,248
	2,250
	6,0
	7,9
	2,16
	252,12
	1,1
	6,253
	6,248
	2,242
	251,244
	249,250
	245,254
170: x
 56
	0,0
	11,251
	247,9
	250,15
	248,249
	244,240
	252,1
	7,14
	14,17
	247,25
	252,3
	251,0
	255,2
	2,2
	10,1
	8,251
	9,236
	12,12
	7,11
	4,1
	1,252
	245,239
	246,244
	8,234
	5,251
	6,255
	1,254
	248,254
	250,0
	0,0
	233,252
	0,0
	6,254
171: y
 56
	0,0
	11,234
	253,3
	5,28
	4,22
	255,4
	252,2
	250,254
	251,248
	248,228
	246,1
	5,28
	254,6
	250,1
	252,251
	254,252
	254,0
	1,11
	4,5
	11,1
	8,249
	3,3
	10,4
	10,255
	6,250
	2,244
	247,214
	252,252
	254,0
	0,0
	231,26
172: z
 39
	0,0
	249,236
	250,6
	2,4
	3,1
	12,251
	6,3
	1,2
	253,5
	237,2
	249,7
	255,10
	7,17
	10,16
	255,2
	252,2
	253,5
	4,8
	6,1
	1,254
	251,252
	1,251
	7,0
	5,5
	8,2
	2,251
	251,251
	247,253
	251,248
	248,235
	255,248
	5,251
	14,254
	5,251
	1,246
	251,249
	250,253
	245,0
	0,0
	245,238
	0,0
	12,239
	0,0
	240,1
173: {
 27
	0,0
	6,242
	247,6
	253,10
	1,14
	255,2
	1,1
	254,12
	253,4
	253,3
	6,7
	1,21
	255,1
	3,15
	3,3
	8,2
	5,255
	248,250
	254,242
	255,234
	250,249
	6,250
	2,246
	1,231
	4,251
	5,252
	250,255
	0,0
	243,36
174: |
 8
	0,0
	253,0
	255,70
	2,2
	5,255
	255,185
	252,0
	0,0
	253,72
175: }
 25
	0,0
	246,240
	254,2
	1,1
	6,4
	2,10
	2,29
	3,3
	3,2
	250,7
	254,34
	250,7
	253,2
	7,1
	8,252
	3,246
	1,225
	5,250
	251,249
	254,221
	252,250
	246,253
	0,0
	244,241
	0,0
	244,84
176: ~
 40
	0,0
	1,54
	244,4
	252,255
	252,254
	255,0
	1,5
	6,6
	4,1
	18,251
	7,2
	1,1
	2,255
	251,249
	249,253
	251,0
177:
 82
	0,0
	231,16
	10,1
	1,1
	11,7
	3,3
	11,246
	8,254
	10,1
	1,1
	7,5
	3,12
	252,10
	248,6
	244,1
	247,251
	248,250
	248,7
	244,4
	247,255
	247,249
	254,244
	3,248
	5,251
	7,254
	0,0
	232,23
	9,2
	1,1
	8,6
	255,4
	248,7
	248,2
	250,255
	251,249
	1,248
	7,251
	1,0
	0,0
	19,23
	7,1
	1,1
	5,5
	255,9
	249,5
	252,1
	246,251
	252,250
	10,246
	2,0
	0,0
	3,24
