0:
 0
1:
 0
2:
 51
	0,0
	255,10
	13,3
	1,1
	8,6
	4,10
	255,14
	249,10
	248,5
	246,2
	247,254
	248,251
	250,244
	255,245
	6,244
	11,249
	6,255
3:
 42
	0,0
	0,0
	253,11
	245,6
	250,9
	255,15
	3,9
	6,8
	7,3
	3,3
	1,7
	4,254
	1,250
	12,251
	3,252
	1,249
	251,251
	249,2
	252,7
	255,232
	2,250
	9,0
	1,1
	5,1
	255,252
	245,249
	252,254
	254,246
	255,0
	0,0
	252,30
	252,10
	1,1
	255,2
	4,11
	2,252
	255,236
4:
 47
	0,0
	255,240
	4,1
	1,37
	3,18
	253,6
	1,1
	10,253
	5,1
	3,6
	253,4
	247,1
	250,254
	255,4
	3,9
	253,7
	251,1
	251,253
	255,247
	3,249
	252,255
	248,2
	250,253
	255,252
	2,252
	7,254
	1,1
	8,2
	1,252
	253,252
	4,236
	1,254
	255,254
	1,226
5:
 0
6:
 79
	0,0
	218,0
	25,1
	25,255
	4,4
	4,4
	1,28
	254,6
	245,255
	1,221
	4,253
	0,0
	15,0
	24,1
	255,3
	253,3
	255,44
	232,254
	254,4
	1,12
	2,2
	7,1
	2,253
	255,252
	4,250
	7,1
	2,6
	254,6
	248,4
	246,1
	244,254
	248,2
	241,255
	249,250
	253,246
	254,250
	252,255
	1,250
	5,254
	254,221
	252,253
	0,254
	0,0
	14,1
	0,0
	242,3
	6,3
	1,35
	245,1
	255,221
	4,253
	0,0
	239,50
	10,1
	254,16
	250,1
	252,250
	1,247
	255,255
	1,255
7:
 80
	0,0
	218,0
	254,2
	2,2
	3,3
	1,2
	255,1
	1,31
	250,3
	1,5
	4,1
	2,13
	6,7
	8,2
	12,1
	8,253
	1,1
	22,1
	10,254
	1,191
	4,252
	232,255
	255,3
	1,1
	4,4
	255,34
	245,255
	1,221
	4,252
	255,254
	232,1
	249,7
	1,34
	11,255
	255,221
	252,253
	0,0
	219,0
	22,1
	0,0
	216,43
	0,0
	237,50
	11,1
	254,16
	250,1
	253,254
	255,241
	0,0
	8,50
	10,1
	1,7
	254,10
	248,255
	254,252
	0,244
10:
 0
11:
 0
12:
 0
13:
 0
14:
 0
15:
 0
16:
 0
17:
 31
	0,0
	254,45
	8,1
	1,1
	6,4
	2,8
	255,8
	252,5
	246,2
	248,255
	250,249
	255,246
	7,247
	5,255
	0,0
	253,52
	8,1
	4,6
	255,4
	254,3
	249,2
	249,251
	255,253
	5,249
20:
 0
21:
 0
22:
 46
	0,0
	250,26
	14,1
	1,1
	8,5
	5,11
	255,12
	248,10
	247,3
	250,1
	246,253
	250,252
	251,246
	1,242
	7,247
	8,253
	0,0
	250,30
	13,1
	1,1
	8,6
	3,9
	254,9
	247,8
	242,1
	248,251
	251,249
	255,248
	4,248
	9,250
	0,0
	246,36
	5,1
	1,7
	1,1
	6,254
	2,249
	4,1
	255,11
	2,6
	253,5
	240,1
	255,233
	0,0
	254,50
	4,1
	1,2
	250,1
	255,254
	1,255
23:
 52
	0,0
	230,12
	51,1
	0,50
	205,0
	0,206
24:
 0
25:
 0
26:
 0
27:
 0
30:
 61
	0,0
	228,0
	255,3
	1,1
	4,4
	255,34
	251,2
	1,5
	4,1
	3,14
	5,6
	10,3
	14,255
	19,255
	4,250
	254,250
	249,255
	253,4
	255,4
	255,241
	7,253
	255,251
	251,255
	255,221
	5,251
	254,254
	235,1
	2,4
	3,6
	255,31
	245,1
	253,251
	2,225
	4,251
	254,254
	244,1
	249,255
	0,0
	250,4
	0,0
	246,50
	255,13
	4,5
	5,1
	3,252
	255,253
	3,250
	254,250
	246,0
31:
 59
	0,0
	228,0
	0,3
	5,3
	1,35
	249,2
	1,5
	4,1
	2,6
	3,10
	4,4
	10,3
	14,1
	9,252
	2,248
	254,252
	250,254
	250,6
	1,5
	252,2
	249,255
	253,250
	1,245
	13,255
	1,1
	15,1
	1,218
	255,255
	2,249
	4,254
	255,253
	230,1
	2,3
	4,4
	255,34
	242,255
	1,222
	6,250
	229,255
32:
 51
	0,0
	232,0
	255,1
	2,2
	3,3
	1,34
	250,4
	2,4
	4,2
	1,10
	5,8
	12,4
	21,254
	1,190
	4,252
	232,1
	1,2
	4,4
	1,2
	255,1
	1,30
	252,2
	248,255
	255,221
	5,251
	234,255
	0,0
	232,3
	0,0
	232,42
	0,0
	232,48
	0,0
	254,48
	252,2
	1,14
	2,2
	8,1
	1,252
	255,255
	2,244
	248,254
33:
 0
34:
 0
35:
 0
36:
 0
37:
 75
	0,0
	9,18
	210,2
	0,10
	30,1
	44,255
	255,245
	230,255
40:  
 0
41: !
 18
	0,0
	254,0
	6,1
	4,6
	255,6
	254,3
	248,1
	253,254
	254,247
	5,251
	0,0
	255,24
	2,1
	3,20
	3,15
	255,10
	252,3
	253,1
	250,253
	254,246
	7,223
	0,253
42: "
 71
	0,0
	235,252
	1,6
	33,70
	1,1
	5,254
	246,232
	232,205
	251,0
	0,0
	10,253
	254,3
	12,17
	3,9
	255,5
	252,2
	252,255
	252,253
	255,4
	4,6
	10,3
	8,251
	1,245
	248,243
	252,251
	10,255
	3,3
	2,253
	253,247
	235,255
	0,0
	8,254
	0,0
	223,26
	255,3
	6,3
	255,30
	251,255
	255,2
	1,1
	15,6
	2,254
	1,219
	6,252
	234,255
	0,0
	19,72
43: #
 72
	0,0
	240,252
	5,16
	28,60
	1,1
	5,255
	252,245
	226,191
	252,0
	0,0
	23,254
	254,8
	242,2
	1,8
	19,24
	4,1
	2,230
	2,252
	255,252
	254,252
	255,251
	249,0
	0,0
	16,15
	254,2
	7,8
	1,247
	251,255
	0,0
	225,27
	251,4
	1,4
	1,1
	4,255
	6,252
	4,1
	3,5
	252,8
	250,4
	0,2
	6,4
	1,5
	254,3
	250,1
	251,253
	255,1
	4,6
	10,3
	8,252
	1,247
	253,251
	4,248
	255,246
	249,249
	244,255
	0,0
	229,48
44: $
 49
	0,0
	254,248
	254,7
	238,6
	255,20
	3,1
	4,248
	6,247
	6,254
	1,22
	239,13
	252,10
	1,12
	6,7
	9,3
	5,2
	2,4
	4,255
	4,250
	10,253
	5,251
	255,240
	252,0
	252,11
	249,6
	254,255
	1,237
	13,246
	6,244
	255,243
	252,249
	247,252
	250,254
	254,250
	253,0
	0,0
	3,248
	0,0
	5,8
	255,16
	1,1
	4,251
	255,247
	254,254
	0,0
	238,25
	0,0
	251,51
	252,6
	1,7
	3,3
	2,254
	255,242
45: %
 75
	0,0
	236,0
	7,1
	20,41
	14,33
	0,2
	251,1
	251,248
	225,188
	0,255
	0,0
	21,1
	9,3
	5,8
	2,15
	252,13
	249,5
	247,255
	253,254
	252,246
	255,242
	3,246
	6,250
	2,0
	0,0
	22,5
	4,4
	255,31
	254,2
	253,252
	1,224
	0,0
	232,30
	10,3
	5,8
	2,15
	252,12
	253,4
	246,2
	250,254
	250,248
	255,237
	4,246
	6,252
	2,0
	0,0
	232,34
	4,1
	1,33
	252,2
	254,255
	254,240
	1,252
	255,253
	2,245
46: &
 76
	0,0
	238,254
	15,3
	1,1
	9,4
	11,249
	10,1
	1,1
	6,6
	2,5
	251,1
	253,255
	249,5
	254,4
	11,17
	5,2
	255,3
	236,1
	254,252
	5,252
	255,250
	253,253
	245,13
	1,2
	9,6
	4,7
	255,1
	1,5
	252,8
	250,3
	248,1
	244,252
	251,252
	253,247
	1,241
	244,248
	251,246
	255,250
	6,244
	9,250
	4,0
	0,0
	251,10
	4,1
	1,1
	240,22
	252,254
	255,249
	9,245
	6,253
	0,0
	254,48
	4,2
	2,4
	255,7
	252,5
	252,255
	254,252
	3,246
	1,254
47: '
 22
	0,0
	247,41
	2,4
	1,1
	5,5
	1,3
	247,4
	254,8
	3,5
	8,2
	7,253
	3,245
	251,246
	249,250
	250,254
50: (
 34
	0,0
	12,250
	3,1
	1,2
	253,4
	249,7
	253,10
	254,12
	255,19
	6,19
	6,7
	3,3
	0,3
	249,255
	243,246
	247,240
	253,240
	1,245
	5,244
	12,241
	10,251
51: )
 33
	0,0
	242,250
	7,2
	1,1
	8,6
	9,12
	4,16
	1,9
	252,17
	251,9
	251,7
	247,6
	248,2
	255,254
	2,253
	8,248
	5,240
	1,237
	253,236
	251,247
	249,248
	0,255
52: *
 44
	0,0
	253,34
	7,1
	1,8
	253,7
	1,1
	10,247
	6,1
	2,6
	254,3
	245,3
	255,1
	1,1
	11,2
	2,6
	253,4
	248,255
	249,249
	255,2
	3,9
	254,5
	250,1
	253,254
	255,251
	3,248
	254,255
	250,7
	249,1
	253,252
	1,251
	6,253
	7,254
	244,253
	254,252
	1,251
	6,254
	5,3
	3,5
	3,1
	1,253
	253,248
	2,251
	0,0
	235,69
53: +
 77
	0,0
	249,0
	13,1
	1,28
	31,1
	255,11
	226,2
	254,28
	246,1
	253,250
	255,233
	228,254
	255,245
	30,254
	1,229
	0,0
	249,71
54: ,
 23
	0,0
	247,241
	6,1
	1,1
	7,4
	5,7
	1,11
	252,7
	248,2
	250,255
	252,248
	5,248
	8,254
	251,249
	250,252
	0,254
55: -
 78
	0,0
	218,30
	76,1
	255,11
	181,255
	255,254
	0,254
	1,250
56: .
 21
	0,0
	254,0
	9,3
	3,6
	252,8
	249,2
	248,251
	255,250
	3,250
	4,255
57: /
 46
	0,0
	233,0
	12,1
	12,25
	19,44
	2,8
	245,1
	248,240
	233,203
	253,247
60: 0
 48
	0,0
	251,0
	13,1
	1,1
	9,9
	4,12
	1,20
	252,15
	250,9
	247,4
	247,1
	247,251
	250,246
	253,241
	255,248
	3,239
	7,244
	8,252
	0,0
	0,4
	1,1
	4,2
	1,51
	253,8
	250,1
	253,254
	254,241
	2,224
	255,253
	3,247
	3,255
61: 1
 44
	0,0
	237,0
	40,1
	255,3
	248,2
	254,6
	1,20
	254,24
	2,8
	253,9
	250,255
	239,248
	249,253
	1,253
	11,1
	2,246
	255,253
	0,254
	1,238
	254,236
	248,254
	254,255
	0,254
62: 2
 49
	0,0
	233,0
	42,1
	5,18
	252,2
	251,251
	237,255
	255,2
	19,24
	4,12
	255,11
	248,7
	246,2
	247,255
	246,248
	253,246
	4,1
	3,3
	9,3
	8,251
	2,248
	250,240
	235,227
	0,254
63: 3
 48
	0,0
	243,0
	17,1
	1,1
	10,5
	6,9
	2,8
	255,9
	249,10
	255,2
	5,10
	1,6
	251,8
	246,4
	244,255
	246,249
	252,249
	1,254
	13,6
	6,255
	4,250
	255,249
	250,250
	250,253
	1,253
	11,250
	6,248
	1,251
	254,250
	250,252
	250,1
	245,7
	250,255
	254,250
	6,250
	4,255
64: 4
 50
	0,0
	2,0
	17,1
	1,12
	4,3
	254,11
	253,1
	254,42
	248,1
	223,213
	255,243
	25,254
	2,244
	0,0
	250,27
	5,1
	2,9
	254,11
	243,237
	7,255
65: 5
 47
	0,0
	242,0
	19,1
	1,1
	8,4
	6,8
	3,13
	252,12
	254,3
	242,7
	241,3
	3,6
	27,1
	4,12
	223,1
	253,250
	247,227
	10,254
	14,253
	10,248
	1,247
	252,250
	248,254
	240,7
	250,255
	255,249
	4,252
	4,255
66: 6
 48
	0,0
	254,0
	13,3
	1,1
	7,7
	3,12
	255,11
	249,10
	246,3
	248,255
	255,3
	8,11
	1,1
	12,6
	7,2
	255,3
	239,254
	242,249
	246,245
	252,244
	255,237
	6,244
	8,249
	7,255
	0,0
	254,5
	4,1
	3,4
	1,20
	252,8
	251,2
	252,254
	255,249
	2,236
	3,251
67: 7
 49
	0,0
	250,0
	9,1
	17,56
	4,13
	250,2
	219,255
	252,240
	255,253
	4,255
	4,5
	18,2
	6,255
	1,253
	244,218
	252,241
70: 8
 50
	0,0
	249,255
	19,1
	2,2
	6,4
	3,9
	1,4
	252,13
	253,4
	252,4
	7,9
	1,12
	252,6
	246,4
	248,1
	243,253
	249,250
	254,246
	3,246
	7,249
	249,250
	252,249
	255,249
	5,246
	7,251
	5,255
	0,0
	0,3
	6,3
	3,7
	251,10
	247,7
	253,254
	254,249
	2,244
	6,251
	1,0
	0,0
	4,45
	3,3
	1,10
	253,6
	250,3
	250,253
	255,249
	8,247
	3,254
71: 9
 48
	0,0
	232,0
	16,1
	1,1
	10,3
	1,1
	10,8
	8,16
	1,19
	252,12
	251,6
	246,4
	241,255
	246,248
	253,246
	1,242
	6,247
	12,252
	8,1
	0,254
	251,246
	249,250
	244,252
	253,255
	0,254
	0,0
	255,33
	5,1
	2,4
	255,19
	252,8
	252,2
	253,254
	254,246
	1,242
	5,249
72: :
 20
	0,0
	0,255
	1,1
	6,2
	2,8
	253,5
	248,2
	250,253
	254,249
	5,249
	4,0
	0,0
	254,33
	9,3
	1,9
	252,5
	250,1
	250,253
	254,247
	5,251
	2,0
73: ;
 21
	0,0
	248,238
	255,1
	2,3
	8,8
	255,3
	249,2
	253,6
	1,6
	3,3
	7,1
	4,254
	5,248
	255,246
	248,246
	249,253
	255,0
	0,0
	5,244
	0,0
	254,31
	250,4
	255,7
	3,5
	8,2
	6,250
	1,253
	253,249
	249,254
	0,0
	7,46
74: <
 0
75: =
 79
	0,0
	219,20
	75,1
	0,9
	186,2
	249,254
	1,247
	0,0
	8,38
	1,1
	22,255
	1,1
	6,1
	1,6
	255,3
	180,1
	255,248
	3,253
	43,0
76: >
 0
77: ?
 43
	0,0
	255,255
	248,4
	255,8
	3,4
	8,2
	6,252
	1,250
	251,249
	253,0
	0,0
	253,23
	255,8
	6,16
	1,10
	252,8
	252,2
	253,254
	2,246
	254,252
	248,255
	251,5
	1,9
	6,6
	18,3
	12,250
	4,247
	1,251
	253,248
	248,248
	249,251
	253,250
	255,253
	255,0
	0,0
	238,67
100: @
 46
	0,0
	250,26
	15,1
	1,1
	8,6
	4,10
	255,13
	249,9
	246,4
	250,1
	244,252
	249,247
	254,243
	6,244
	8,250
	2,0
	0,0
	252,30
	11,1
	1,1
	7,5
	4,10
	254,9
	245,9
	246,1
	247,251
	251,249
	255,246
	5,248
	8,251
	1,0
	0,0
	240,31
	0,0
	254,35
	8,1
	5,7
	255,2
	250,255
	254,254
	254,255
	252,2
	255,9
	3,3
	5,255
	4,254
	3,1
	255,4
	255,2
	248,2
	249,255
	252,251
	255,245
	5,249
	4,255
101: A
 72
	0,0
	222,0
	20,1
	1,1
	248,5
	1,10
	4,6
	20,255
	6,244
	1,254
	252,252
	251,255
	1,253
	32,1
	255,3
	250,4
	236,42
	245,22
	255,1
	251,244
	237,203
	251,252
	253,254
	1,255
	0,0
	245,28
	11,1
	254,7
	250,11
	251,246
	255,249
	2,255
102: B
 63
	0,0
	1,255
	17,2
	1,1
	7,4
	4,9
	1,7
	252,10
	248,7
	7,8
	1,6
	255,1
	1,3
	253,8
	248,6
	220,2
	245,255
	1,253
	6,254
	2,250
	255,202
	252,253
	252,255
	1,254
	30,255
	0,0
	255,4
	6,1
	1,1
	6,6
	1,12
	251,7
	248,4
	249,255
	1,230
	4,253
	0,0
	253,40
	9,3
	5,8
	1,2
	253,9
	249,5
	248,1
	255,232
	3,253
103: C
 63
	0,0
	251,0
	19,1
	1,1
	8,4
	4,4
	3,3
	0,6
	246,246
	244,253
	248,1
	248,6
	252,10
	254,12
	1,18
	7,11
	2,2
	12,2
	11,252
	10,244
	1,254
	1,3
	255,1
	1,17
	254,1
	252,252
	236,4
	239,254
	245,247
	249,242
	255,236
	6,242
	8,248
	11,252
104: D
 72
	0,0
	222,0
	254,3
	1,1
	6,2
	2,4
	1,25
	255,1
	1,26
	252,6
	250,2
	0,2
	17,1
	30,254
	12,250
	8,245
	4,239
	255,242
	248,242
	247,250
	241,253
	221,0
	0,0
	220,1
	0,0
	249,5
	252,4
	255,20
	1,5
	255,6
	1,2
	255,19
	2,6
	15,255
	10,246
	3,244
	255,231
	249,245
	247,253
	249,0
	0,0
	24,21
	255,1
	1,1
	1,255
	0,0
	220,69
105: E
 61
	0,0
	8,255
	19,1
	2,12
	1,7
	246,244
	244,253
	245,2
	254,4
	1,24
	9,255
	6,247
	0,253
	0,0
	227,0
	36,0
	0,0
	227,1
	255,1
	1,1
	6,2
	3,4
	1,4
	255,1
	1,2
	254,49
	247,5
	1,2
	11,1
	43,254
	1,252
	255,254
	0,254
	255,248
	251,7
	248,4
	241,1
	254,252
	255,245
	2,246
	4,254
	6,1
	5,8
	0,1
	0,0
	11,25
	0,23
106: F
 57
	0,0
	230,0
	33,1
	0,2
	248,3
	254,6
	255,7
	1,3
	255,1
	1,3
	255,4
	2,4
	8,255
	4,251
	2,248
	1,27
	255,5
	0,0
	228,1
	1,3
	6,2
	3,4
	255,55
	250,4
	253,0
	0,3
	29,1
	27,254
	255,240
	250,8
	246,4
	250,1
	248,254
	255,235
	2,252
	7,0
	1,1
	4,4
	1,3
	0,0
	229,1
107: G
 70
	0,0
	250,0
	20,1
	1,1
	11,4
	1,22
	3,3
	4,2
	0,1
	226,255
	255,255
	8,252
	2,253
	255,255
	1,242
	253,251
	244,255
	246,5
	251,10
	254,12
	1,1
	255,14
	1,1
	255,1
	3,12
	4,5
	10,4
	9,0
	12,249
	6,251
	0,15
	252,254
	246,1
	244,2
	242,254
	243,245
	250,240
	255,252
	0,254
	2,241
	9,242
	14,248
	3,0
	0,0
	23,57
110: H
 80
	0,0
	22,255
	239,2
	1,2
	6,2
	2,4
	255,23
	234,2
	250,254
	1,232
	5,252
	3,253
	223,255
	255,2
	2,2
	5,1
	3,4
	1,49
	255,2
	1,1
	252,6
	249,2
	1,2
	30,1
	2,253
	250,253
	253,250
	1,238
	4,254
	21,255
	1,1
	3,3
	255,22
	249,3
	254,0
	1,3
	29,1
	5,254
	255,254
	250,254
	253,250
	1,219
	255,254
	1,252
	255,255
	2,247
	4,253
	4,254
	255,254
	241,255
	0,0
	5,0
	0,0
	39,3
	0,0
	249,71
	0,0
	39,71
111: I
 35
	0,0
	241,0
	16,1
	15,255
	1,3
	250,2
	252,6
	255,46
	1,2
	255,1
	3,6
	1,1
	7,2
	255,2
	230,1
	249,255
	1,253
	6,255
	3,247
	255,206
	251,252
	252,255
	1,254
112: J
 51
	0,0
	245,0
	11,1
	1,1
	6,2
	1,1
	5,5
	2,18
	254,26
	2,12
	3,3
	7,1
	0,2
	222,1
	254,253
	7,254
	3,252
	1,204
	252,251
	249,255
	253,4
	2,8
	254,4
	250,1
	252,253
	255,247
	5,249
	7,253
	1,0
113: K
 71
	0,0
	222,0
	31,1
	255,3
	252,2
	253,6
	1,18
	1,1
	4,255
	14,235
	255,252
	251,254
	1,253
	31,1
	255,3
	249,5
	232,36
	18,20
	8,4
	0,2
	248,1
	253,255
	254,1
	247,254
	2,254
	5,254
	254,250
	236,236
	253,3
	255,10
	2,13
	1,1
	6,2
	0,2
	228,1
	252,255
	1,253
	6,255
	2,252
	1,202
	251,251
	251,255
	0,254
114: L
 61
	0,0
	5,0
	222,2
	1,3
	6,2
	2,6
	255,53
	250,3
	253,0
	1,4
	33,255
	1,253
	248,254
	254,250
	255,247
	2,212
	6,254
	8,255
	1,1
	6,1
	1,1
	7,7
	3,5
	2,254
	254,239
	234,255
	0,0
	29,1
	0,0
	29,24
	0,4
	1,254
	0,0
	30,24
115: M
 95
	0,0
	209,0
	1,4
	6,2
	2,4
	255,56
	250,3
	254,0
	1,4
	25,255
	8,239
	13,229
	3,1
	18,43
	17,1
	8,254
	255,254
	249,254
	254,248
	2,205
	6,252
	3,253
	222,255
	255,2
	2,2
	5,1
	3,6
	255,44
	255,1
	253,252
	238,212
	252,248
	254,2
	231,56
	254,255
	1,207
	6,252
	3,253
	234,255
116: N
 76
	0,0
	220,0
	255,3
	6,2
	3,4
	255,55
	251,4
	252,2
	2,2
	20,1
	10,246
	28,224
	2,2
	255,32
	250,3
	253,1
	0,2
	21,1
	2,253
	248,253
	254,246
	2,230
	255,254
	1,253
	255,251
	1,254
	255,255
	1,253
	255,254
	1,253
	255,254
	0,254
	255,251
	245,11
	218,45
	254,255
	1,209
	6,252
	4,254
	254,254
	236,0
	0,0
	237,52
	0,0
	37,71
	0,0
	219,72
117: O
 74
	0,0
	247,254
	242,6
	247,9
	252,10
	255,21
	6,14
	8,9
	15,5
	19,255
	14,248
	6,249
	4,242
	0,240
	254,252
	254,255
	1,253
	247,244
	246,250
	242,254
	249,0
	0,0
	250,3
	248,6
	252,9
	254,14
	1,21
	7,10
	2,2
	10,3
	10,251
	6,248
	3,241
	255,255
	1,249
	253,241
	251,247
	248,251
	248,0
	0,0
	228,63
120: P
 62
	0,0
	250,0
	11,1
	255,3
	250,1
	252,6
	1,21
	23,2
	1,1
	8,6
	3,6
	255,15
	252,5
	246,4
	227,2
	240,255
	1,253
	6,254
	3,250
	255,244
	0,254
	255,217
	252,253
	251,255
	1,253
	23,0
	0,0
	253,38
	11,1
	6,8
	1,10
	251,8
	248,2
	249,255
	255,232
	2,253
121: Q
 73
	0,0
	17,238
	12,1
	1,1
	4,2
	255,2
	244,3
	248,6
	2,4
	11,7
	8,11
	2,14
	255,14
	249,14
	254,3
	246,6
	242,2
	244,255
	240,248
	250,247
	253,246
	255,240
	5,244
	8,247
	14,249
	16,241
	9,254
	0,0
	15,252
	0,0
	254,4
	10,1
	1,1
	8,8
	3,13
	1,2
	255,1
	1,7
	253,17
	249,10
	247,3
	247,255
	248,249
	252,243
	1,233
	5,244
	8,250
	2,0
	0,0
	24,18
	2,1
	254,1
	255,255
122: R
 73
	0,0
	222,0
	35,1
	254,3
	251,1
	252,5
	1,22
	4,255
	21,225
	20,1
	255,3
	250,3
	240,26
	1,2
	6,4
	3,4
	2,10
	254,9
	251,6
	244,4
	218,1
	252,255
	1,253
	6,255
	3,250
	255,201
	250,253
	254,0
	0,253
	0,0
	248,38
	9,1
	1,1
	7,7
	255,13
	252,5
	248,2
	250,255
	255,232
	2,253
123: S
 56
	0,0
	251,255
	17,1
	1,1
	7,3
	5,9
	2,10
	252,11
	251,6
	228,10
	249,5
	255,6
	4,5
	10,2
	12,254
	10,246
	2,252
	255,21
	252,253
	238,3
	253,255
	251,1
	244,250
	251,246
	1,244
	7,247
	25,246
	12,250
	254,247
	249,250
	246,255
	244,4
	247,9
	252,8
	1,231
	7,3
	13,253
124: T
 61
	0,0
	239,0
	255,3
	8,3
	2,6
	255,54
	249,1
	245,249
	253,253
	1,255
	255,15
	1,1
	44,255
	1,1
	14,255
	255,238
	254,7
	247,6
	247,1
	253,252
	255,243
	2,225
	255,248
	3,250
	8,253
	254,254
	225,0
125: U
 76
	0,0
	250,254
	18,1
	1,1
	8,4
	5,8
	1,4
	255,3
	2,4
	1,42
	1,1
	6,2
	1,1
	255,2
	243,1
	248,254
	1,254
	6,254
	2,248
	255,215
	251,248
	248,252
	243,1
	248,8
	255,47
	3,6
	6,2
	0,2
	234,2
	243,255
	1,252
	6,255
	2,252
	1,241
	255,227
	4,246
	7,249
	10,253
	1,0
126: V
 70
	0,0
	253,0
	3,1
	5,13
	19,47
	4,6
	6,2
	255,3
	235,255
	1,254
	6,254
	1,250
	243,224
	253,255
	252,8
	246,28
	2,4
	5,1
	0,2
	226,1
	254,253
	7,252
	7,239
	18,209
	0,0
	221,71
127: W
 98
	0,0
	237,254
	3,1
	5,12
	12,29
	5,246
	12,224
	3,1
	8,25
	14,42
	2,2
	3,1
	255,2
	244,1
	250,254
	2,254
	4,254
	1,252
	245,225
	255,255
	247,24
	253,12
	1,1
	5,2
	255,3
	223,255
	1,253
	6,255
	5,248
	3,247
	247,235
	254,255
	246,25
	253,13
	1,2
	3,1
	255,3
	243,1
	242,254
	1,254
	5,251
	18,206
	6,241
130: X
 73
	0,0
	224,0
	1,1
	22,255
	1,3
	250,2
	253,4
	12,18
	5,251
	8,241
	250,252
	1,253
	33,1
	0,2
	248,5
	235,35
	3,6
	13,17
	2,2
	7,2
	255,3
	232,255
	1,253
	5,255
	1,252
	246,242
	251,5
	250,12
	1,2
	5,1
	255,3
	223,255
	255,255
	4,254
	10,246
	14,231
	239,230
	252,253
	250,254
	1,254
	1,0
131: Y
 71
	0,0
	238,0
	38,1
	254,3
	250,1
	253,4
	255,20
	18,35
	3,4
	6,2
	255,2
	244,1
	246,255
	1,253
	6,255
	1,253
	243,232
	254,254
	242,28
	2,2
	4,1
	255,3
	225,255
	1,253
	4,254
	6,248
	15,224
	1,240
	252,250
	249,254
	0,254
132: Z
 65
	0,0
	228,255
	252,2
	25,44
	12,21
	241,1
	246,251
	250,245
	255,0
	1,15
	255,3
	2,3
	7,1
	45,254
	251,246
	225,203
	255,254
	6,254
	19,1
	1,1
	8,5
	7,11
	1,3
	254,0
	255,252
	0,0
	229,255
	58,1
	1,18
	255,2
	0,0
	32,22
	0,0
	231,51
	0,0
	230,72
133: [
 23
	0,0
	250,252
	17,1
	0,3
	250,3
	254,44
	2,28
	2,2
	4,2
	255,2
	236,0
	255,230
	2,198
	2,0
134: \
 70
	0,0
	238,251
	2,9
	31,68
	1,1
	5,255
	245,230
	233,205
	252,0
	0,0
	22,254
	255,7
	242,2
	255,5
	7,10
	14,18
	4,255
	1,231
	2,252
	255,252
	254,252
	255,252
	249,0
	0,0
	15,14
	254,2
	4,7
	3,2
	1,247
	252,254
	255,0
	0,0
	222,27
	255,1
	1,1
	6,3
	255,30
	250,0
	1,2
	15,7
	2,216
	5,252
	235,0
	0,0
	244,29
135: ]
 22
	0,0
	247,251
	19,1
	255,84
	246,1
	246,254
	1,253
	4,255
	2,250
	255,188
	250,254
	1,253
136: ^
 14
	0,0
	250,46
	4,2
	8,22
	254,3
	254,1
	251,253
	253,241
	255,247
137: _
 62
	0,0
	225,1
	1,8
	1,1
	54,255
	1,1
	4,254
	255,250
	197,255
	0,0
	30,9
140: `
 22
	0,0
	254,41
	249,5
	254,10
	3,8
	4,5
	10,4
	1,253
	250,251
	254,252
	4,254
	7,251
	255,247
	250,252
	252,0
141: a
 45
	0,0
	241,255
	250,6
	255,5
	3,8
	5,5
	16,9
	255,10
	252,3
	252,1
	252,254
	2,245
	252,252
	250,1
	254,4
	255,2
	5,10
	12,4
	13,255
	6,250
	2,224
	6,250
	249,251
	252,255
	250,3
	254,3
	251,255
	246,251
	254,0
	0,0
	22,7
	0,0
	251,10
	252,5
	5,8
	2,2
	4,255
	1,245
	252,253
	253,0
142: b
 48
	0,0
	254,0
	247,4
	250,254
	255,23
	1,1
	254,41
	251,4
	1,1
	17,255
	1,243
	255,255
	2,249
	3,254
	1,1
	10,2
	7,253
	4,248
	2,244
	255,244
	251,246
	249,251
	245,255
	0,0
	2,4
	250,6
	255,30
	2,2
	6,2
	6,250
	1,231
	252,248
	253,255
	0,0
	232,69
143: c
 40
	0,0
	253,254
	246,5
	250,9
	255,19
	4,10
	4,5
	9,3
	7,1
	10,252
	4,248
	254,250
	250,254
	252,4
	254,8
	250,3
	251,252
	254,242
	5,244
	6,250
	8,254
	9,3
	251,249
	246,252
	250,255
144: d
 49
	0,0
	245,255
	249,4
	252,9
	254,12
	1,15
	7,10
	8,2
	7,255
	4,0
	1,12
	253,6
	252,2
	0,2
	18,255
	2,232
	255,255
	1,254
	255,254
	2,224
	6,251
	252,254
	240,254
	253,2
	249,253
	252,255
	0,0
	23,7
	0,0
	251,8
	252,7
	254,19
	3,10
	4,1
	7,251
	1,230
	252,250
	252,0
145: e
 42
	0,0
	250,0
	248,5
	251,8
	254,10
	1,13
	7,11
	10,3
	12,255
	7,249
	3,244
	1,254
	252,254
	232,255
	1,249
	9,247
	8,255
	1,1
	8,6
	255,0
	0,0
	251,0
	12,1
	1,1
	8,6
	3,5
	0,0
	249,31
	254,6
	2,6
	3,3
	7,255
	4,251
	1,248
	242,255
146: f
 38
	0,0
	249,0
	244,2
	1,2
	4,1
	3,6
	254,32
	251,2
	0,4
	6,2
	1,10
	7,9
	10,2
	9,255
	3,249
	254,252
	248,255
	254,6
	254,3
	254,255
	255,253
	2,243
	7,253
	255,252
	249,254
	1,221
	6,251
	252,254
	252,1
	254,255
	251,1
	0,0
	8,4
	0,0
	238,44
	0,0
	10,49
147: g
 44
	0,0
	246,239
	19,1
	1,1
	8,4
	3,11
	253,8
	250,3
	234,1
	255,3
	2,2
	12,1
	1,1
	6,3
	4,5
	2,7
	254,7
	1,1
	4,2
	255,5
	229,1
	246,251
	253,247
	1,246
	6,248
	251,248
	1,247
	1,254
	253,250
	2,250
	7,253
	1,0
	0,0
	253,243
	14,2
	2,4
	254,3
	236,1
	252,254
	1,251
	8,254
	0,0
	253,21
	4,2
	2,4
	255,15
	251,4
	252,255
	253,250
	1,243
	5,252
150: h
 56
	0,0
	230,0
	0,3
	4,2
	1,27
	254,34
	251,4
	1,1
	17,255
	2,232
	3,254
	1,1
	11,5
	8,255
	4,252
	2,242
	2,231
	4,252
	254,254
	234,0
	0,3
	4,2
	1,31
	253,6
	248,255
	251,248
	1,230
	5,251
	254,254
	235,0
151: i
 28
	0,0
	243,0
	1,3
	4,2
	1,36
	249,6
	1,1
	17,1
	2,250
	1,220
	6,250
	231,255
	0,0
	13,3
	0,0
	242,45
	0,0
	250,56
	253,6
	2,8
	1,1
	7,1
	4,250
	255,249
	252,253
	251,0
	0,0
	3,71
152: j
 30
	0,0
	252,236
	249,2
	252,4
	1,9
	1,1
	4,1
	4,254
	1,252
	255,254
	2,252
	2,4
	255,53
	251,4
	1,1
	19,255
	255,199
	252,250
	248,254
	254,255
	255,1
	0,0
	3,54
	251,5
	1,8
	3,3
	6,1
	5,251
	1,252
	252,249
	250,255
153: k
 59
	0,0
	231,0
	252,2
	2,2
	4,2
	1,31
	255,3
	1,1
	254,27
	251,2
	1,2
	16,1
	3,252
	255,254
	2,233
	255,255
	2,243
	4,2
	7,7
	4,4
	252,2
	254,2
	1,2
	21,255
	253,253
	250,254
	247,246
	18,230
	5,252
	254,254
	231,0
	0,3
	4,2
	245,16
	253,254
	1,243
	5,251
	250,254
	241,1
	255,255
	0,0
	254,4
	0,0
	227,69
	0,0
	246,72
154: l
 29
	0,0
	5,0
	237,2
	0,2
	6,3
	1,58
	250,6
	1,1
	18,255
	0,254
	2,194
	6,251
	250,254
	254,0
	0,0
	242,1
	0,0
	243,69
155: m
 82
	0,0
	216,0
	0,3
	5,5
	255,34
	251,5
	1,1
	16,1
	4,252
	13,5
	8,254
	6,251
	4,2
	2,2
	10,3
	8,252
	3,247
	1,227
	5,250
	250,254
	239,1
	1,3
	4,4
	255,32
	252,3
	248,252
	253,249
	1,243
	255,255
	2,245
	4,251
	254,254
	234,0
	0,3
	5,3
	255,35
	250,2
	250,252
	254,250
	255,252
	2,233
	4,252
	255,254
	235,0
	0,0
	40,4
156: n
 55
	0,0
	231,0
	255,3
	1,1
	4,4
	255,35
	251,4
	1,2
	17,255
	4,252
	2,2
	12,4
	9,252
	3,246
	1,227
	5,250
	232,255
	255,2
	1,1
	4,2
	1,34
	250,4
	250,253
	252,248
	1,230
	4,252
	255,254
	236,0
157: o
 45
	0,0
	252,254
	244,7
	251,11
	255,12
	4,12
	4,5
	10,4
	6,1
	10,252
	7,247
	3,244
	255,245
	249,246
	248,251
	247,255
	0,0
	255,3
	251,5
	254,18
	1,15
	3,3
	4,1
	5,253
	2,244
	1,249
	254,239
	252,253
	254,0
160: p
 50
	0,0
	231,239
	0,3
	5,3
	1,53
	251,5
	1,2
	18,255
	6,0
	1,1
	10,1
	6,252
	4,247
	2,238
	252,244
	249,249
	245,255
	250,3
	255,245
	4,252
	3,253
	230,255
	0,0
	2,242
	0,0
	3,5
	248,6
	255,24
	5,7
	5,0
	4,251
	2,244
	255,255
	1,254
	254,243
	252,252
161: q
 52
	0,0
	254,238
	26,1
	1,2
	249,5
	255,12
	1,1
	254,26
	1,3
	254,3
	1,12
	254,1
	249,253
	249,3
	250,1
	246,252
	249,248
	253,241
	2,244
	7,246
	6,254
	9,1
	1,1
	3,1
	2,252
	255,247
	251,252
	0,255
	0,0
	251,5
	6,1
	2,6
	255,29
	252,3
	253,1
	251,252
	254,240
	1,244
	5,249
	0,0
	237,43
162: r
 38
	0,0
	240,0
	253,3
	5,2
	2,8
	255,30
	250,4
	2,2
	18,255
	3,254
	2,2
	8,2
	4,252
	255,248
	250,254
	250,3
	253,255
	255,227
	4,251
	3,253
	233,255
	0,0
	237,1
	0,0
	8,3
163: s
 37
	0,0
	253,255
	246,3
	253,255
	255,13
	1,1
	7,247
	12,253
	5,3
	1,4
	249,6
	242,8
	251,7
	255,3
	2,9
	5,5
	11,2
	12,253
	3,0
	255,244
	251,7
	249,3
	250,1
	252,253
	1,251
	22,242
	3,247
	255,248
	249,249
	244,255
	0,0
	242,46
164: t
 29
	0,0
	255,255
	249,4
	254,39
	252,4
	2,4
	11,11
	3,4
	2,248
	1,250
	6,254
	3,255
	255,251
	247,255
	1,222
	5,254
	2,2
	2,255
	249,249
	249,255
	0,0
	242,44
165: u
 54
	0,0
	244,0
	251,4
	253,6
	254,34
	251,4
	1,2
	17,255
	2,220
	4,252
	6,1
	4,7
	255,27
	251,5
	1,1
	18,255
	1,216
	5,250
	238,255
	254,4
	243,250
	252,0
	0,0
	1,47
166: v
 49
	0,0
	255,0
	239,43
	250,4
	2,2
	24,255
	255,253
	253,255
	7,238
	4,4
	4,13
	252,4
	1,1
	13,1
	1,253
	250,253
	251,245
	245,226
	254,254
	1,0
	0,0
	233,49
167: w
 69
	0,0
	242,0
	3,3
	9,26
	1,1
	3,253
	10,230
	2,0
	15,42
	3,3
	2,2
	244,1
	254,254
	5,251
	251,241
	255,255
	252,6
	252,10
	2,3
	2,2
	255,2
	234,255
	1,253
	5,251
	251,243
	254,255
	251,12
	254,5
	3,4
	255,2
	237,255
	255,253
	4,254
	15,214
170: x
 51
	0,0
	12,0
	243,2
	2,2
	2,2
	249,10
	251,252
	254,250
	4,252
	238,255
	0,3
	8,4
	10,13
	251,10
	246,15
	253,1
	2,3
	23,255
	255,253
	254,254
	7,247
	7,8
	254,3
	253,1
	1,2
	18,255
	253,253
	250,254
	246,243
	16,231
	3,253
	254,254
	246,0
	0,0
	255,1
	0,0
	249,4
	0,0
	0,4
	0,0
	25,4
	0,0
	232,50
171: y
 50
	0,0
	240,239
	9,1
	6,8
	9,26
	9,24
	3,3
	4,2
	255,2
	241,255
	1,253
	4,254
	250,239
	254,255
	248,17
	1,3
	3,2
	255,2
	232,255
	255,254
	7,251
	17,216
	251,246
	253,1
	253,6
	252,1
	252,253
	255,248
	4,252
	0,0
	252,242
172: z
 39
	0,0
	247,0
	246,2
	3,10
	17,31
	252,2
	248,255
	250,248
	1,13
	1,1
	15,255
	1,1
	17,255
	255,249
	238,222
	1,253
	11,1
	7,10
	1,249
	254,248
	251,255
	255,1
	255,255
	250,1
	244,255
	0,0
	237,1
	0,0
	240,36
173: {
 0
174: |
 11
	0,0
	251,234
	0,111
	10,255
	255,146
	248,0
175: }
 0
176: ~
 28
	0,0
	242,17
	0,12
	27,255
	255,245
	231,0
177:
 0
