0:
 0
1:
 0
2:
 52
	0,0
	250,10
	16,1
	1,1
	11,9
	3,12
	255,10
	247,11
	244,4
	251,1
	244,252
	248,249
	252,244
	2,244
	6,248
	10,251
	1,0
3:
 39
	0,0
	241,0
	2,10
	1,1
	250,9
	255,5
	1,1
	255,3
	3,12
	7,10
	2,2
	12,6
	4,3
	4,7
	3,255
	253,248
	5,251
	1,249
	252,253
	252,1
	1,5
	2,3
	253,1
	247,235
	250,240
	6,254
	8,3
	1,1
	2,1
	0,0
	242,0
	2,1
	5,9
	10,2
	1,1
	8,6
	0,0
	247,23
	3,3
	12,29
	254,1
	248,249
	250,241
	255,248
	1,254
	0,0
	18,46
4:
 42
	0,0
	237,238
	3,3
	4,14
	255,1
	3,6
	8,18
	5,11
	253,6
	2,2
	6,255
	6,254
	6,3
	255,7
	251,2
	247,252
	255,3
	6,9
	255,8
	249,1
	253,254
	254,246
	1,248
	252,255
	247,3
	252,255
	254,250
	4,252
	12,3
	0,254
	250,249
	255,238
	248,223
5:
 0
6:
 103
	0,0
	210,238
	9,2
	1,1
	8,6
	8,16
	10,35
	1,1
	18,1
	2,254
	242,211
	250,247
	251,254
	254,8
	252,1
	253,252
	1,251
	6,253
	8,2
	1,1
	8,6
	6,10
	14,41
	1,1
	18,255
	252,238
	251,238
	1,251
	4,254
	1,1
	6,3
	1,1
	4,4
	254,1
	252,253
	254,2
	11,39
	247,1
	238,255
	255,6
	7,13
	8,4
	5,255
	1,254
	255,252
	4,254
	4,2
	255,7
	250,2
	253,1
	247,254
	246,249
	245,241
	252,254
	243,255
	254,4
	4,10
	4,6
	6,3
	3,254
	255,251
	4,253
	1,1
	3,3
	255,6
	250,2
	248,255
	246,249
	246,241
	248,252
	2,254
	5,255
	254,244
	246,222
	249,246
	252,255
	255,3
	1,1
	254,4
	251,255
	255,251
	4,252
	0,0
	9,61
7:
 110
	0,0
	205,239
	11,1
	2,2
	10,10
	7,21
	8,25
	1,1
	18,1
	1,252
	242,212
	248,246
	252,1
	255,7
	252,1
	253,252
	1,251
	4,253
	9,1
	1,1
	10,7
	7,12
	8,26
	4,12
	2,2
	17,255
	253,242
	250,234
	1,250
	8,0
	1,1
	7,7
	0,2
	253,0
	252,252
	255,2
	18,62
	0,1
	232,1
	248,251
	251,252
	247,242
	250,254
	243,1
	2,9
	6,9
	6,2
	2,254
	255,253
	4,252
	4,2
	1,6
	255,2
	250,2
	247,255
	245,247
	248,244
	250,253
	254,255
	1,253
	6,255
	243,210
	249,246
	253,255
	254,8
	252,1
	253,250
	3,252
	0,0
	230,250
	0,0
	21,48
	17,1
	4,11
	253,4
	1,5
	249,1
	249,251
	250,244
	0,252
10:
 0
11:
 0
12:
 0
13:
 0
14:
 0
15:
 0
16:
 0
17:
 30
	0,0
	251,46
	11,1
	1,1
	6,6
	1,12
	252,6
	247,3
	248,255
	250,251
	254,248
	3,246
	6,252
	0,0
	253,51
	7,1
	1,1
	5,6
	253,8
	248,3
	248,251
	255,249
	6,250
20:
 0
21:
 0
22:
 48
	0,0
	250,29
	14,1
	1,1
	6,3
	7,10
	1,9
	252,11
	246,8
	240,1
	246,251
	251,249
	254,242
	5,246
	8,250
	4,255
	0,0
	250,33
	14,1
	1,1
	6,4
	5,11
	255,8
	250,7
	246,4
	251,1
	244,251
	250,248
	255,249
	5,246
	7,250
	2,0
	0,0
	247,40
	2,1
	2,8
	7,1
	4,252
	2,250
	2,2
	254,11
	1,7
	254,3
	239,1
	0,233
	0,0
	251,53
	10,1
	1,5
	248,2
	251,254
	1,251
	0,0
	14,63
23:
 63
	0,0
	229,0
	1,1
	56,255
	1,59
	197,2
	254,252
	255,213
	1,252
	255,255
	2,248
	1,0
	0,0
	231,5
	52,1
	255,48
	234,2
	251,255
	233,1
	254,252
	255,244
	1,233
	255,252
	1,249
	0,0
	226,60
24:
 0
25:
 0
26:
 0
27:
 0
30:
 100
	0,0
	211,240
	252,4
	255,3
	3,4
	4,255
	2,249
	6,3
	6,12
	12,41
	252,2
	253,0
	1,3
	6,2
	6,8
	9,11
	1,1
	10,3
	7,255
	3,252
	255,250
	252,255
	253,3
	1,5
	251,1
	248,249
	252,243
	4,254
	13,1
	1,1
	5,5
	7,11
	3,3
	10,4
	8,255
	3,250
	254,252
	252,255
	254,4
	1,4
	251,1
	250,251
	251,245
	255,252
	4,254
	4,255
	254,254
	248,254
	243,218
	246,241
	244,250
	249,1
	253,6
	3,5
	5,255
	1,251
	255,254
	5,0
	8,11
	12,37
	2,7
	246,2
	245,254
	245,219
	250,245
	247,247
	248,254
	254,0
	0,0
	208,251
31:
 75
	0,0
	224,238
	251,5
	1,5
	1,1
	5,255
	1,252
	255,254
	5,0
	6,8
	8,25
	6,23
	249,2
	1,3
	7,2
	10,15
	4,4
	15,5
	10,254
	2,250
	255,252
	253,255
	252,4
	1,5
	247,1
	247,249
	251,242
	4,254
	24,1
	2,252
	248,233
	252,241
	4,0
	2,2
	2,255
	249,249
	248,255
	253,4
	2,10
	4,9
	3,1
	253,2
	5,16
	255,2
	236,255
	244,216
	249,245
	248,249
	247,254
	0,0
	16,0
	0,0
	21,24
	0,0
	37,47
32:
 80
	0,0
	223,237
	250,3
	255,6
	3,3
	4,254
	1,253
	255,254
	2,254
	1,1
	7,7
	6,19
	8,31
	248,2
	2,3
	6,2
	14,19
	1,1
	13,4
	16,255
	1,1
	3,255
	254,246
	241,204
	255,253
	3,0
	4,4
	1,253
	249,249
	248,255
	254,4
	1,9
	9,29
	252,2
	240,255
	253,250
	247,223
	248,242
	248,249
	250,255
	0,0
	217,248
	0,0
	223,248
	0,0
	7,47
	252,2
	2,10
	7,9
	9,3
	4,254
	255,250
	3,252
	253,247
	252,254
	244,0
	0,0
	25,61
33:
 0
34:
 0
35:
 0
36:
 0
37:
 74
	0,0
	220,20
	255,5
	1,1
	71,1
	1,250
	185,255
40:  
 0
41: !
 29
	0,0
	248,0
	250,4
	1,6
	1,1
	5,1
	4,252
	255,250
	253,255
	0,0
	243,2
	0,0
	251,18
	6,33
	4,21
	5,2
	4,252
	254,245
	249,241
	247,230
	1,0
42: "
 66
	0,0
	233,0
	253,3
	23,38
	24,37
	4,255
	210,180
	255,0
	0,0
	230,1
	0,0
	15,2
	242,2
	2,3
	16,14
	1,1
	2,2
	4,10
	253,6
	251,2
	248,252
	5,7
	10,2
	6,252
	1,246
	247,243
	245,246
	2,254
	9,1
	2,2
	1,254
	253,250
	249,255
	0,0
	1,3
	0,0
	223,32
	0,1
	6,3
	9,27
	2,7
	250,2
	1,255
	0,0
	224,32
	18,1
	251,2
	2,12
	8,27
	0,1
	248,255
	253,255
	0,0
	20,78
43: #
 67
	0,0
	236,0
	255,3
	21,38
	23,38
	5,255
	250,245
	217,189
	254,0
	0,0
	17,4
	255,1
	2,9
	242,2
	1,6
	24,26
	4,255
	250,230
	3,253
	254,254
	252,253
	253,247
	253,0
	0,0
	11,20
	255,1
	12,14
	1,252
	253,247
	252,254
	252,0
	0,0
	227,31
	252,4
	2,3
	7,254
	5,0
	3,6
	1,4
	251,8
	250,2
	1,1
	8,3
	4,5
	1,4
	252,3
	250,255
	254,254
	3,6
	8,2
	6,252
	1,248
	249,248
	3,249
	255,246
	249,249
	246,254
	0,0
	248,75
44: $
 57
	0,0
	242,239
	3,1
	3,7
	14,1
	1,1
	8,4
	5,8
	1,7
	250,12
	253,4
	249,7
	2,12
	4,11
	1,1
	4,255
	5,249
	2,247
	2,4
	3,10
	252,5
	246,5
	0,5
	254,1
	251,250
	243,255
	248,251
	252,247
	1,245
	9,245
	4,251
	251,238
	252,248
	248,5
	254,13
	255,0
	252,240
	2,252
	12,251
	255,249
	0,0
	251,253
	6,1
	6,7
	1,7
	249,9
	253,250
	252,239
	0,0
	10,30
	0,0
	255,39
	251,7
	255,7
	6,7
	6,1
	2,254
	249,237
45: %
 66
	0,0
	232,0
	6,1
	21,38
	21,38
	255,2
	252,255
	239,226
	230,210
	0,255
	0,0
	10,3
	9,1
	1,1
	7,7
	4,13
	1,11
	251,10
	251,1
	246,251
	250,246
	253,242
	1,254
	255,255
	4,246
	2,255
	0,0
	12,5
	4,1
	5,7
	4,13
	2,12
	254,6
	253,1
	250,251
	250,238
	255,242
	2,254
	0,0
	230,31
	8,1
	1,1
	6,5
	5,11
	1,3
	255,1
	2,5
	253,13
	252,3
	250,254
	251,249
	251,235
	1,247
	3,254
	1,1
	6,6
	7,22
	255,8
	254,2
	0,0
	229,32
	252,4
	254,11
	3,14
	7,11
	9,3
	1,0
46: &
 68
	0,0
	18,254
	9,2
	2,2
	4,4
	254,1
	250,253
	250,2
	250,7
	12,18
	3,3
	5,2
	0,1
	240,1
	250,255
	2,254
	4,252
	251,246
	254,254
	252,8
	253,14
	3,3
	8,4
	7,9
	255,11
	252,3
	248,1
	247,251
	251,246
	254,242
	240,249
	250,251
	252,244
	2,246
	6,249
	10,253
	10,1
	1,1
	10,4
	10,250
	2,0
	0,0
	244,5
	9,1
	1,1
	4,4
	251,12
	252,15
	255,1
	247,251
	250,248
	1,244
	8,248
	1,0
	0,0
	4,47
	8,6
	3,10
	253,4
	250,255
	253,250
	255,246
	1,254
47: '
 17
	0,0
	249,52
	11,7
	3,7
	1,3
	253,6
	250,1
	253,254
	255,251
	5,249
	248,247
50: (
 41
	0,0
	250,248
	246,14
	252,14
	1,22
	6,14
	8,11
	7,7
	18,9
	255,253
	243,246
	248,246
	248,232
	254,236
	3,242
	5,247
	255,255
51: )
 41
	0,0
	237,249
	255,2
	2,2
	14,12
	10,17
	5,20
	2,18
	252,12
	253,6
	0,1
	6,249
	6,243
	2,246
	255,240
	249,239
	246,243
	244,246
	248,253
	0,0
	8,82
52: *
 39
	0,0
	251,40
	253,3
	5,10
	253,1
	248,252
	252,1
	255,3
	2,3
	12,1
	254,3
	248,5
	2,4
	1,1
	4,254
	6,248
	2,4
	1,9
	4,1
	3,252
	251,246
	5,0
	2,2
	5,2
	4,252
	252,252
	247,255
	4,252
	4,254
	1,252
	252,253
	250,6
	253,4
	254,255
	255,245
	253,255
	0,0
	249,41
	0,0
	14,44
	0,0
	18,58
	0,0
	242,70
	0,0
	248,70
53: +
 74
	0,0
	253,0
	254,30
	242,2
	238,0
	1,7
	31,1
	1,2
	255,1
	2,26
	4,0
	2,227
	6,254
	27,255
	255,251
	249,255
	255,1
	255,255
	255,1
	240,255
	255,1
	250,253
	255,227
	253,0
54: ,
 16
	0,0
	249,248
	1,1
	8,5
	5,8
	255,7
	255,2
	252,1
	251,253
	1,249
	2,252
	254,252
	251,252
	0,255
55: -
 77
	0,0
	218,34
	0,8
	76,255
	255,249
	182,0
56: .
 12
	0,0
	253,0
	6,1
	2,4
	254,5
	250,1
	253,250
	2,252
57: /
 37
	0,0
	239,0
	8,1
	26,72
	255,4
	250,255
	246,231
	238,206
	0,0
	18,76
60: 0
 47
	0,0
	246,255
	248,6
	252,13
	255,11
	4,20
	8,14
	6,6
	10,3
	7,255
	7,249
	3,246
	1,238
	249,234
	248,246
	246,251
	249,0
	0,0
	248,2
	251,6
	255,20
	7,30
	6,9
	8,3
	6,252
	2,250
	1,245
	251,231
	250,242
	248,248
	252,0
61: 1
 42
	0,0
	235,0
	1,2
	7,1
	1,1
	5,5
	11,37
	3,6
	1,1
	255,4
	2,7
	252,2
	249,0
	0,1
	21,5
	1,254
	249,232
	246,220
	255,253
	5,251
	6,255
	223,255
	0,0
	6,52
	0,0
	6,54
62: 2
 50
	0,0
	231,0
	4,6
	27,25
	7,12
	2,12
	251,7
	250,3
	248,255
	248,250
	6,9
	10,5
	11,255
	7,249
	2,246
	252,244
	240,238
	242,241
	17,255
	1,1
	8,5
	250,242
	222,0
	0,0
	3,22
	0,0
	5,24
	0,0
	12,31
	0,0
	244,57
63: 3
 49
	0,0
	239,254
	249,4
	1,6
	1,1
	7,255
	8,252
	6,0
	7,8
	2,10
	255,1
	1,2
	249,10
	246,3
	254,1
	1,1
	12,3
	1,1
	8,5
	4,8
	252,8
	246,1
	248,251
	5,7
	13,4
	10,251
	3,247
	254,247
	248,250
	252,254
	2,252
	3,249
	1,248
	252,245
	246,246
	244,253
	250,0
	0,0
	249,60
	1,0
64: 4
 47
	0,0
	1,255
	4,2
	4,16
	2,2
	7,2
	0,5
	252,1
	255,6
	4,16
	6,23
	252,1
	216,212
	254,247
	23,254
	252,238
	4,0
	0,0
	243,26
	14,1
	4,8
	4,15
	1,1
	255,2
	1,1
	254,1
	233,229
	1,255
	0,0
	14,68
65: 5
 51
	0,0
	238,255
	11,1
	1,1
	10,5
	10,13
	2,16
	250,12
	248,6
	249,3
	255,5
	6,11
	25,255
	254,250
	230,254
	255,253
	0,0
	235,0
	2,0
	0,0
	234,1
	253,6
	2,3
	7,255
	4,253
	8,255
	1,1
	4,2
	6,8
	2,10
	253,10
	248,9
	247,3
	4,11
	0,0
	245,47
	0,0
	255,72
66: 6
 50
	0,0
	244,255
	247,6
	252,12
	1,17
	9,18
	12,11
	15,7
	11,2
	1,255
	240,249
	243,242
	255,253
	14,255
	6,252
	4,246
	255,243
	249,244
	248,250
	248,254
	251,0
	0,0
	247,2
	249,7
	255,15
	6,15
	2,2
	11,1
	6,250
	1,245
	250,240
	249,250
	252,255
67: 7
 44
	0,0
	236,0
	254,2
	21,39
	12,22
	236,1
	248,252
	252,252
	8,16
	33,255
	1,254
	238,225
	236,219
	254,255
70: 8
 50
	0,0
	248,254
	246,4
	251,6
	254,9
	4,10
	5,5
	9,5
	254,4
	252,10
	1,11
	5,6
	12,4
	10,255
	6,252
	3,245
	253,248
	248,249
	252,253
	7,244
	1,244
	251,247
	247,250
	246,255
	0,0
	247,2
	249,7
	255,10
	5,9
	3,3
	7,3
	9,246
	2,246
	252,248
	250,252
	249,0
	0,0
	4,42
	248,10
	254,8
	5,7
	9,2
	7,252
	2,248
	253,248
	250,250
	253,255
71: 9
 46
	0,0
	233,255
	0,2
	13,8
	13,14
	1,2
	252,1
	249,255
	248,4
	252,6
	254,10
	2,12
	9,13
	10,3
	10,255
	9,247
	3,241
	252,238
	246,241
	244,247
	238,249
	0,0
	252,30
	249,8
	255,8
	3,13
	6,9
	8,2
	7,251
	2,250
	255,244
	252,244
	249,251
	251,0
72: :
 24
	0,0
	249,0
	251,5
	1,6
	2,2
	7,255
	3,250
	250,250
	255,0
	0,0
	254,1
	0,0
	245,2
	0,0
	2,39
	252,4
	1,1
	255,2
	2,4
	7,1
	4,252
	255,250
	252,254
	253,0
73: ;
 29
	0,0
	242,246
	5,1
	1,1
	9,9
	1,6
	252,6
	249,255
	254,250
	4,249
	249,248
	0,0
	5,39
	6,1
	3,6
	252,5
	249,255
	254,250
	2,252
	1,0
74: <
 0
75: =
 74
	0,0
	219,24
	0,6
	70,2
	3,253
	255,252
	241,255
	255,1
	201,255
	0,0
	36,31
	0,0
	222,38
	253,3
	0,4
	69,2
	4,254
	255,251
	254,255
	255,1
	195,254
	254,1
	254,255
	0,0
	219,39
76: >
 0
77: ?
 41
	0,0
	241,0
	6,2
	1,7
	252,3
	250,255
	254,250
	4,252
	0,0
	243,18
	3,1
	3,9
	10,11
	12,9
	4,8
	1,2
	252,11
	250,4
	244,1
	248,253
	253,249
	1,251
	4,254
	4,2
	1,3
	254,5
	2,2
	6,2
	7,251
	255,248
	247,244
	247,245
	252,243
	0,253
100: @
 48
	0,0
	250,28
	14,1
	1,1
	6,3
	7,9
	1,8
	255,1
	1,3
	250,12
	244,6
	248,1
	243,251
	250,248
	254,244
	3,246
	11,247
	3,0
	0,0
	252,32
	10,1
	1,1
	7,4
	5,10
	255,9
	249,8
	246,3
	247,255
	247,250
	253,247
	1,249
	5,248
	8,252
	1,0
	0,0
	255,38
	7,2
	1,1
	3,3
	0,4
	254,1
	250,250
	254,255
	250,3
	254,8
	3,5
	6,2
	7,251
	1,4
	250,4
	246,255
	251,249
	1,245
	4,252
	5,255
	0,0
	247,61
101: A
 67
	0,0
	20,0
	241,2
	0,1
	6,1
	3,7
	1,9
	252,2
	238,255
	245,243
	1,252
	4,253
	0,1
	237,255
	255,1
	1,1
	6,3
	29,35
	22,27
	3,4
	1,253
	255,255
	0,254
	253,196
	4,253
	4,254
	252,255
	249,1
	255,255
	0,0
	5,1
	0,0
	33,2
	0,0
	0,27
	255,2
	16,21
	2,254
	254,236
	242,255
	0,0
	17,60
	0,0
	24,68
102: B
 71
	0,0
	227,0
	250,2
	3,255
	0,0
	228,0
	7,1
	20,255
	1,1
	13,1
	1,1
	6,2
	7,8
	2,10
	255,8
	252,5
	253,3
	2,2
	8,5
	3,7
	1,8
	249,9
	244,2
	226,255
	255,255
	6,254
	1,249
	247,225
	249,235
	250,250
	255,0
	0,0
	246,5
	253,3
	8,27
	2,2
	10,255
	8,251
	2,250
	255,248
	247,247
	244,253
	252,0
	0,0
	254,42
	255,3
	7,22
	1,1
	6,1
	9,253
	4,251
	255,247
	248,248
	246,254
	250,0
103: C
 72
	0,0
	249,254
	13,2
	1,1
	10,5
	1,1
	8,8
	0,2
	254,0
	246,246
	248,254
	246,255
	246,4
	248,9
	254,10
	1,10
	9,17
	6,7
	12,7
	14,1
	8,251
	3,247
	1,253
	5,20
	254,1
	252,254
	236,2
	254,255
	255,1
	244,252
	238,243
	248,244
	252,243
	1,253
	255,254
	3,244
	8,246
	13,251
	4,0
104: D
 80
	0,0
	217,0
	42,1
	1,1
	10,3
	1,1
	9,5
	2,2
	8,10
	5,15
	255,14
	251,9
	248,7
	246,3
	223,1
	254,254
	0,1
	7,251
	253,242
	246,219
	251,247
	247,251
	0,1
	0,0
	242,5
	253,4
	13,49
	3,9
	1,1
	14,255
	11,245
	2,244
	255,243
	250,244
	245,246
	244,253
	246,255
105: E
 75
	0,0
	222,0
	54,1
	6,17
	254,1
	248,246
	247,253
	236,255
	254,4
	9,26
	1,1
	9,255
	1,1
	5,253
	2,249
	254,255
	0,3
	0,0
	219,1
	1,2
	6,1
	5,8
	17,54
	252,3
	252,1
	1,1
	52,254
	251,241
	255,0
	1,6
	250,5
	234,1
	248,232
	2,254
	11,0
	1,1
	6,4
	2,4
	1,253
	250,239
	0,0
	220,1
	1,0
106: F
 71
	0,0
	247,0
	5,2
	250,2
	254,4
	2,10
	6,17
	1,1
	13,255
	2,246
	7,23
	0,3
	254,255
	251,249
	250,254
	248,1
	7,25
	23,255
	2,250
	1,252
	4,16
	206,255
	8,252
	251,237
	250,237
	249,235
	251,252
	251,255
	1,254
	24,0
107: G
 71
	0,0
	245,254
	246,4
	246,10
	253,9
	255,13
	4,12
	8,12
	7,7
	13,6
	14,2
	19,253
	3,3
	2,254
	251,236
	255,0
	254,11
	248,6
	244,1
	244,251
	247,248
	249,241
	254,240
	1,248
	5,247
	9,252
	8,255
	1,1
	6,2
	7,23
	254,3
	248,3
	1,1
	19,1
	11,254
	248,252
	251,241
	252,243
	242,252
	242,255
	0,0
	35,36
110: H
 96
	0,0
	208,0
	0,2
	9,3
	4,8
	15,54
	249,4
	2,255
	0,0
	209,0
	29,1
	0,1
	250,3
	255,5
	7,24
	2,2
	30,255
	1,254
	248,231
	251,251
	249,254
	31,255
	1,1
	248,5
	1,6
	15,51
	4,5
	8,3
	233,1
	250,255
	7,251
	248,232
	252,254
	229,1
	255,4
	7,20
	4,4
	5,1
	0,1
	231,1
111: I
 46
	0,0
	234,0
	255,2
	6,2
	4,6
	15,56
	254,4
	250,1
	1,1
	24,1
	3,254
	0,1
	255,0
	0,0
	235,0
	27,2
	249,3
	255,6
	16,56
	3,3
	3,0
112: J
 58
	0,0
	235,255
	250,4
	254,6
	3,6
	1,1
	7,255
	1,250
	254,252
	4,254
	1,1
	5,5
	6,18
	11,37
	254,4
	250,2
	1,1
	20,1
	7,254
	248,251
	240,204
	249,246
	246,252
	249,0
113: K
 84
	0,0
	214,0
	1,2
	6,2
	5,10
	14,51
	254,3
	251,2
	0,1
	11,1
	20,254
	247,253
	251,248
	252,241
	4,0
	1,1
	22,15
	1,1
	5,4
	1,3
	253,3
	1,1
	19,255
	242,247
	229,236
	1,252
	21,226
	8,251
	2,255
	254,254
	227,1
	0,1
	6,3
	254,7
	239,23
	251,240
	253,244
	2,252
	5,254
	228,255
	0,0
	243,2
	0,0
	233,69
	0,0
	8,71
114: L
 66
	0,0
	225,0
	254,2
	1,1
	7,2
	4,10
	5,18
	10,34
	250,3
	254,0
	0,2
	30,255
	246,251
	252,244
	244,213
	255,254
	3,253
	18,255
	1,1
	7,1
	1,1
	4,2
	7,10
	2,255
	250,237
	200,0
	0,0
	223,1
115: M
 109
	0,0
	215,0
	243,2
	0,1
	6,1
	5,6
	14,46
	3,10
	252,3
	250,2
	1,1
	12,1
	8,254
	8,205
	3,0
	39,53
	19,255
	246,251
	253,249
	243,204
	4,252
	4,255
	255,254
	224,0
	0,2
	8,2
	1,1
	5,6
	10,39
	255,1
	216,204
	254,6
	249,47
	255,1
	253,250
	245,215
	3,253
	5,254
	253,254
	251,1
	254,255
	0,0
	202,1
	0,0
	34,73
116: N
 87
	0,0
	13,0
	247,20
	238,36
	253,250
	246,216
	1,251
	6,253
	233,255
	1,2
	6,2
	5,10
	12,46
	1,6
	250,4
	252,0
	1,2
	13,0
	1,1
	5,254
	23,209
	2,2
	11,39
	254,4
	251,2
	1,255
	0,0
	14,0
	16,56
	5,12
	1,1
	7,3
	236,1
117: O
 72
	0,0
	242,255
	243,5
	249,10
	254,12
	1,13
	8,16
	8,9
	12,7
	14,2
	12,255
	12,247
	4,244
	255,240
	247,239
	244,245
	241,249
	245,255
	0,0
	242,4
	247,7
	254,10
	1,12
	7,17
	8,11
	4,4
	10,4
	10,255
	7,249
	2,244
	251,238
	248,242
	247,247
	244,252
	253,0
	0,0
	230,57
120: P
 69
	0,0
	223,0
	15,1
	13,0
	0,2
	250,2
	255,8
	6,21
	1,1
	15,255
	1,1
	10,2
	1,1
	8,6
	4,8
	255,11
	252,5
	249,3
	231,2
	243,254
	6,252
	1,253
	246,218
	252,241
	251,249
	250,253
	0,0
	255,39
	253,3
	6,24
	2,2
	14,255
	4,250
	1,249
	253,248
	246,250
	246,255
	0,0
	29,63
	255,1
	1,1
	1,255
121: Q
 71
	0,0
	2,240
	12,2
	1,1
	9,5
	3,4
	252,255
	248,252
	244,1
	239,6
	3,3
	13,2
	1,1
	12,6
	3,3
	9,9
	7,17
	1,16
	250,12
	249,6
	243,3
	243,255
	241,246
	246,244
	251,243
	255,238
	6,244
	9,248
	243,247
	2,254
	8,255
	21,251
	3,0
	0,0
	223,246
	255,1
	0,0
	247,6
	248,3
	250,8
	255,14
	7,22
	10,13
	2,2
	12,4
	9,254
	5,251
	2,248
	1,251
	251,236
	245,239
	245,248
	251,255
122: R
 75
	0,0
	219,0
	1,2
	7,2
	5,8
	9,33
	5,18
	255,4
	252,2
	253,1
	1,1
	18,1
	22,254
	9,250
	3,246
	251,246
	246,249
	250,253
	3,248
	12,236
	4,253
	4,254
	238,255
	239,32
	252,2
	251,255
	250,234
	255,252
	4,252
	4,254
	226,255
	0,0
	250,2
	0,0
	1,38
	250,3
	8,26
	8,1
	6,254
	5,249
	1,252
	250,244
	248,252
	249,255
123: S
 62
	0,0
	246,0
	241,5
	250,252
	6,24
	1,1
	2,245
	8,248
	10,254
	8,4
	5,8
	253,9
	235,21
	254,8
	1,9
	5,6
	12,4
	15,254
	8,254
	4,2
	1,1
	1,254
	249,236
	254,11
	252,5
	246,2
	248,255
	251,252
	255,248
	9,245
	14,244
	4,244
	255,248
	249,247
	244,252
	247,0
	0,0
	227,1
124: T
 66
	0,0
	225,0
	254,2
	1,1
	6,2
	5,8
	15,53
	252,2
	245,254
	249,250
	253,249
	254,2
	6,18
	59,255
	251,238
	255,255
	255,4
	1,6
	251,4
	241,255
	240,197
	3,253
	5,254
	254,254
	230,0
	0,0
	223,1
	0,0
	254,3
125: U
 76
	0,0
	236,254
	246,4
	250,7
	254,10
	4,20
	8,28
	252,3
	252,0
	1,2
	16,1
	13,254
	250,254
	251,252
	244,211
	1,248
	7,251
	12,255
	1,1
	6,3
	1,1
	5,5
	6,18
	10,32
	254,3
	250,2
	1,1
	22,255
	248,253
	253,250
	242,210
	247,244
	245,251
	245,255
	0,0
	14,70
126: V
 69
	0,0
	227,0
	4,2
	36,45
	17,20
	6,3
	237,1
	254,254
	0,1
	6,253
	255,252
	223,218
	255,17
	2,24
	3,3
	5,1
	238,2
	246,254
	6,255
	3,252
	254,237
	0,254
	254,213
127: W
 97
	0,0
	214,0
	1,68
	249,2
	0,1
	26,1
	1,254
	250,254
	253,250
	255,221
	3,0
	23,31
	1,7
	253,4
	249,2
	7,0
	1,1
	21,255
	248,252
	254,226
	1,245
	9,11
	19,29
	254,4
	253,0
	1,2
	18,255
	248,251
	214,195
	252,251
	255,17
	1,28
	255,1
	230,221
	248,245
130: X
 80
	0,0
	217,0
	20,1
	0,1
	250,3
	8,11
	10,11
	3,253
	4,238
	252,253
	252,255
	2,254
	27,1
	0,1
	250,3
	253,4
	253,10
	251,20
	16,18
	6,6
	1,2
	4,2
	1,1
	7,3
	0,1
	233,255
	6,252
	253,250
	240,241
	253,6
	253,15
	2,2
	6,2
	234,1
	252,254
	254,0
	0,1
	4,0
	0,0
	216,1
	1,1
	6,3
	25,29
	1,2
	248,30
	253,3
	0,0
	12,55
131: Y
 65
	0,0
	225,0
	255,1
	1,1
	6,3
	4,6
	7,26
	247,29
	251,4
	253,1
	1,1
	11,1
	14,254
	0,1
	255,0
	0,0
	226,0
	27,1
	250,3
	254,5
	9,27
	28,33
	6,2
	238,1
	255,255
	5,253
	254,250
	237,236
	253,3
	254,6
	252,16
	2,3
	3,0
132: Z
 73
	0,0
	243,0
	12,1
	23,255
	3,9
	2,9
	255,0
	248,246
	246,253
	230,1
	255,1
	47,53
	8,11
	202,2
	253,252
	252,243
	3,3
	6,7
	10,2
	25,255
	0,254
	238,236
	221,217
	254,251
	22,0
	0,0
	237,24
	0,0
	236,72
133: [
 45
	0,0
	235,249
	255,5
	12,44
	1,1
	255,2
	6,21
	5,16
	20,1
	1,253
	242,254
	246,219
	246,215
	2,254
	9,255
	255,253
	238,255
	0,0
	245,42
134: \
 66
	0,0
	234,0
	255,2
	26,45
	10,15
	10,17
	4,255
	252,248
	215,186
	253,0
	0,0
	17,3
	255,4
	1,7
	242,2
	4,8
	23,24
	2,254
	251,231
	3,252
	250,252
	253,247
	253,255
	0,0
	13,19
	253,2
	12,13
	0,254
	254,246
	250,253
	0,0
	224,31
	255,1
	7,4
	9,34
	250,2
	2,255
	0,0
	225,31
	17,1
	251,3
	2,13
	7,26
	0,1
	246,254
135: ]
 47
	0,0
	235,249
	254,4
	13,2
	8,26
	12,39
	3,12
	252,2
	248,0
	0,3
	20,1
	2,254
	246,222
	240,203
	239,0
	0,0
	233,250
	0,0
	23,81
136: ^
 13
	0,0
	251,48
	11,23
	255,3
	252,255
	252,244
	253,244
137: _
 50
	0,0
	231,0
	49,1
	0,3
	207,0
	0,253
140: `
 15
	0,0
	253,53
	6,2
	1,5
	252,7
	5,6
	2,2
	0,1
	248,252
	250,248
	1,247
	2,255
141: a
 50
	0,0
	238,0
	9,1
	1,1
	10,7
	3,247
	8,1
	9,10
	254,1
	250,251
	255,4
	11,36
	248,1
	254,254
	252,2
	248,1
	244,250
	248,247
	251,245
	254,243
	4,248
	2,255
	0,0
	243,8
	8,1
	1,1
	10,10
	5,12
	1,9
	250,4
	250,254
	250,251
	246,236
	1,248
	1,255
142: b
 48
	0,0
	244,254
	245,5
	255,2
	11,37
	7,21
	252,2
	253,1
	1,1
	14,3
	2,253
	250,234
	3,0
	1,1
	11,1
	7,252
	3,246
	254,244
	248,243
	254,255
	248,249
	244,254
	254,0
	0,0
	248,2
	250,3
	2,9
	7,20
	5,5
	7,2
	6,250
	255,243
	249,243
	248,250
	252,255
	0,0
	4,69
143: c
 41
	0,0
	247,255
	11,1
	1,1
	8,5
	3,4
	0,1
	245,251
	247,1
	251,7
	1,11
	9,16
	2,2
	8,2
	4,254
	253,249
	3,253
	4,1
	3,4
	255,6
	254,3
	243,2
	244,249
	248,246
	252,242
	1,245
	7,249
	2,0
	0,0
	19,35
144: d
 56
	0,0
	234,255
	251,6
	255,13
	6,14
	7,8
	17,8
	8,254
	3,6
	3,10
	255,4
	252,1
	0,1
	15,2
	1,253
	246,224
	248,229
	2,254
	2,2
	3,1
	0,254
	246,248
	251,1
	255,7
	1,1
	254,1
	246,248
	248,254
	254,0
	0,0
	241,6
	252,4
	1,11
	8,14
	7,7
	8,2
	3,250
	254,246
	248,242
	247,248
	253,0
145: e
 44
	0,0
	245,255
	12,1
	1,1
	10,5
	1,1
	3,3
	0,1
	244,251
	248,255
	250,4
	254,8
	1,3
	16,3
	1,1
	10,5
	5,8
	255,8
	249,3
	253,1
	243,253
	246,248
	249,244
	254,242
	5,246
	5,254
	0,0
	247,24
	13,4
	9,10
	255,5
	248,1
	248,250
	250,244
	0,255
	0,0
	254,39
146: f
 70
	0,0
	226,240
	9,1
	1,1
	8,6
	8,12
	13,39
	9,1
	1,2
	248,2
	2,9
	6,9
	7,3
	1,252
	255,253
	4,254
	4,2
	255,7
	250,3
	244,252
	249,250
	246,242
	250,255
	1,252
	6,255
	242,212
	249,246
	251,255
	255,1
	1,6
	252,2
	252,254
	1,249
	3,254
147: g
 56
	0,0
	242,238
	18,1
	1,1
	7,3
	4,8
	254,6
	254,3
	244,5
	248,3
	1,3
	8,2
	9,2
	1,1
	8,8
	1,9
	7,2
	0,4
	243,1
	244,3
	247,254
	248,249
	254,246
	3,250
	4,252
	250,251
	255,250
	0,254
	248,251
	253,248
	4,250
	9,253
	0,0
	249,241
	8,1
	1,1
	4,2
	2,5
	253,4
	239,5
	249,251
	255,252
	4,250
	8,254
	0,0
	253,20
	6,2
	6,8
	2,10
	248,4
	249,251
	252,244
	3,250
	1,0
150: h
 49
	0,0
	233,0
	255,6
	17,59
	254,4
	253,255
	3,0
	0,0
	234,0
	6,1
	7,21
	16,19
	3,1
	4,252
	252,241
	251,238
	1,252
	8,255
	1,1
	9,7
	255,2
	249,252
	255,3
	9,34
	253,5
	247,1
	245,248
	251,251
	255,7
	4,12
	4,15
	248,1
	253,255
151: i
 22
	0,0
	247,0
	254,6
	9,36
	255,3
	8,2
	1,251
	247,220
	4,254
	249,252
	254,0
	0,0
	1,5
	0,0
	5,56
	253,4
	2,5
	4,0
	2,250
	252,253
	0,0
	3,57
152: j
 47
	0,0
	239,240
	9,2
	1,1
	7,6
	6,9
	13,47
	245,255
	251,254
	6,253
	248,227
	248,235
	250,251
	253,1
	1,4
	254,3
	253,1
	253,254
	1,248
	4,254
	0,0
	16,57
	6,2
	1,3
	254,5
	251,1
	253,252
	1,250
	1,0
153: k
 57
	0,0
	231,0
	5,1
	6,18
	3,3
	5,2
	5,244
	5,246
	4,254
	6,1
	8,11
	252,254
	251,252
	250,8
	251,16
	4,5
	14,8
	8,2
	255,2
	236,255
	3,253
	245,247
	247,250
	255,2
	11,40
	252,1
	244,252
	6,253
	239,196
	255,253
	2,0
154: l
 25
	0,0
	247,0
	253,6
	15,59
	251,4
	1,255
	0,0
	248,0
	6,2
	7,8
	0,1
	252,254
	253,254
	255,2
	15,62
	0,1
	244,254
155: m
 75
	0,0
	22,0
	253,4
	5,22
	4,14
	252,2
	247,250
	244,238
	251,239
	248,0
	10,39
	252,2
	245,247
	247,244
	251,239
	253,253
	251,0
	3,18
	6,22
	255,3
	252,1
	2,2
	12,2
	2,254
	253,245
	2,0
	1,1
	5,5
	13,8
	6,254
	2,249
	255,251
	2,0
	7,7
	10,6
	8,255
	2,250
	252,239
	252,240
	1,254
	1,1
	5,3
	0,0
	23,0
	6,1
	7,8
	0,0
	226,1
	0,0
	20,1
156: n
 49
	0,0
	8,0
	253,3
	1,11
	8,25
	254,3
	252,255
	248,249
	245,239
	251,240
	248,1
	7,25
	4,14
	255,3
	251,1
	0,1
	16,3
	1,253
	253,246
	2,0
	13,12
	10,1
	3,252
	1,252
	247,225
	1,253
	7,4
	254,252
	248,250
	252,255
	0,0
	22,48
157: o
 45
	0,0
	246,255
	12,1
	1,1
	12,9
	7,14
	255,15
	251,7
	246,3
	247,254
	244,247
	250,244
	255,241
	6,247
	5,254
	0,0
	249,3
	7,1
	1,1
	5,5
	6,18
	1,9
	253,6
	250,2
	248,251
	250,244
	253,243
	2,247
	3,254
160: p
 59
	0,0
	233,240
	19,1
	0,1
	250,2
	255,5
	4,9
	13,255
	1,1
	8,4
	8,9
	5,13
	1,13
	251,7
	248,1
	246,251
	255,4
	241,255
	255,254
	5,255
	1,254
	241,205
	248,250
	255,0
	1,1
	4,255
	0,0
	253,4
	9,1
	9,11
	5,15
	255,10
	252,2
	250,255
	249,248
	248,230
	1,253
	1,0
161: q
 48
	0,0
	246,239
	24,1
	0,1
	250,2
	1,10
	14,49
	0,1
	254,1
	250,255
	254,254
	249,3
	248,255
	245,248
	248,244
	253,246
	1,244
	6,250
	10,1
	1,1
	8,6
	1,254
	251,240
	250,252
	254,0
	0,255
	0,0
	247,6
	6,2
	8,10
	7,21
	253,5
	248,255
	245,243
	251,241
	1,250
	4,254
162: r
 38
	0,0
	238,0
	7,1
	7,21
	10,16
	1,1
	4,253
	4,1
	3,6
	255,4
	251,1
	245,246
	255,3
	2,5
	255,2
	244,254
	253,254
	0,1
	1,0
	0,0
	237,1
	10,40
	255,2
	254,0
163: s
 40
	0,0
	250,255
	247,3
	251,254
	2,12
	2,4
	4,248
	6,252
	6,0
	5,6
	255,6
	252,5
	247,9
	254,8
	4,8
	10,3
	13,254
	1,1
	2,254
	252,243
	255,0
	255,6
	252,5
	249,1
	253,254
	254,252
	16,237
	1,246
	251,249
	250,253
	248,255
	0,0
	10,3
164: t
 28
	0,0
	246,255
	252,4
	2,14
	6,24
	251,4
	0,1
	10,5
	7,8
	2,254
	254,248
	2,254
	4,255
	1,254
	250,254
	252,254
	248,223
	2,254
	1,1
	7,5
	255,252
	246,248
	253,0
	0,0
	245,43
165: u
 50
	0,0
	236,255
	6,1
	1,1
	9,5
	9,9
	0,254
	254,245
	3,253
	6,1
	3,3
	6,6
	249,253
	255,5
	11,36
	248,1
	249,235
	244,241
	248,251
	251,1
	1,8
	8,24
	1,6
	254,3
	248,255
	247,246
	2,0
	4,4
	3,255
	254,246
	250,238
	255,246
	4,253
	0,0
	235,44
166: v
 43
	0,0
	246,0
	255,35
	252,8
	250,2
	1,1
	13,2
	3,250
	3,235
	1,248
	9,9
	5,11
	255,6
	253,4
	1,4
	1,1
	4,1
	4,252
	1,250
	250,241
	240,237
	249,251
	255,0
	0,0
	3,16
	0,0
	235,44
167: w
 67
	0,0
	234,0
	255,11
	1,1
	253,29
	253,4
	251,0
	1,2
	14,2
	3,240
	2,243
	8,11
	10,18
	1,1
	2,250
	4,227
	10,10
	6,13
	250,7
	2,4
	5,1
	3,252
	1,250
	249,240
	235,232
	254,4
	255,22
	254,5
	235,226
	1,0
	0,0
	16,11
	0,0
	24,41
170: x
 58
	0,0
	231,0
	252,4
	1,5
	1,1
	5,255
	5,0
	12,16
	254,7
	249,11
	250,2
	254,0
	1,2
	13,3
	9,244
	3,253
	11,13
	7,3
	5,254
	1,251
	251,253
	251,2
	248,249
	251,248
	10,237
	4,2
	2,2
	2,255
	251,249
	251,252
	250,1
	250,12
	253,5
	253,254
	244,241
	249,254
	0,0
	1,26
	255,1
	1,1
	1,255
	0,0
	250,49
171: y
 57
	0,0
	234,238
	10,4
	18,18
	15,22
	6,12
	1,5
	252,6
	250,255
	255,251
	5,251
	249,242
	247,245
	254,16
	252,18
	248,1
	248,254
	1,254
	5,255
	3,252
	3,225
	255,247
	244,245
	253,3
	255,2
	252,1
	253,250
	3,251
	2,0
	0,0
	23,28
172: z
 46
	0,0
	238,0
	251,2
	32,36
	240,1
	248,251
	4,12
	30,1
	3,253
	225,223
	1,253
	18,2
	3,3
	2,254
	251,245
	229,0
	0,0
	233,1
	0,0
	22,46
173: {
 0
174: |
 4
	0,0
	254,234
	3,1
	0,110
	253,0
	0,146
175: }
 0
176: ~
 25
	0,0
	244,21
	0,6
	24,255
	255,251
	234,0
177:
 0
