0:
 0
1:
 0
2:
 51
	0,0
	249,10
	244,7
	251,10
	255,13
	6,12
	2,2
	11,5
	14,255
	12,247
	5,243
	255,248
	250,245
	246,250
	242,255
3:
 43
	0,0
	0,0
	254,12
	249,1
	249,6
	252,9
	255,13
	4,11
	5,6
	11,5
	1,9
	4,255
	1,247
	8,255
	7,250
	1,250
	252,252
	252,1
	253,6
	254,4
	253,2
	255,221
	4,254
	8,5
	3,4
	1,253
	249,245
	247,251
	255,245
	254,0
	0,0
	253,22
	250,8
	254,10
	2,11
	6,6
	2,254
	255,223
4:
 46
	0,0
	253,240
	255,42
	252,15
	4,6
	251,1
	248,254
	251,3
	255,5
	3,4
	8,1
	6,253
	1,5
	253,9
	3,6
	1,1
	7,255
	3,250
	253,243
	5,0
	1,1
	7,1
	6,250
	254,250
	250,254
	246,3
	255,255
	4,248
	252,240
	254,217
	253,0
	0,0
	2,240
5:
 0
6:
 89
	0,0
	213,0
	255,2
	2,2
	6,4
	255,38
	251,1
	1,4
	5,1
	3,12
	7,9
	14,2
	7,254
	6,251
	4,4
	9,3
	9,1
	10,251
	2,250
	254,252
	251,1
	250,8
	247,1
	251,250
	255,243
	30,254
	1,213
	5,251
	254,254
	237,1
	0,2
	5,4
	1,38
	236,1
	255,220
	3,251
	6,254
	255,253
	230,1
	1,2
	6,3
	1,39
	234,1
	255,218
	8,249
	232,255
	0,0
	232,51
	255,15
	4,4
	4,1
	12,245
	2,254
	255,249
	237,0
	0,0
	37,51
	0,0
	45,76
7:
 88
	0,0
	213,0
	255,3
	6,2
	2,6
	255,35
	251,0
	0,4
	6,1
	1,9
	5,9
	4,4
	10,2
	10,254
	6,251
	14,7
	9,255
	6,251
	2,2
	5,1
	1,191
	6,250
	235,255
	255,3
	1,1
	4,2
	2,4
	255,51
	250,3
	251,6
	249,255
	253,250
	1,243
	8,255
	255,253
	248,255
	1,217
	8,252
	254,254
	231,1
	1,2
	8,4
	255,39
	233,255
	1,218
	7,250
	233,255
	0,0
	230,50
	255,12
	3,7
	8,1
	10,247
	3,255
	255,246
	235,0
	0,0
	247,62
	0,0
	227,71
10:
 0
11:
 0
12:
 0
13:
 0
14:
 0
15:
 0
16:
 0
17:
 32
	0,0
	250,48
	248,6
	254,10
	1,6
	4,5
	10,3
	9,254
	5,251
	2,248
	253,247
	249,250
	246,0
	0,0
	253,54
	249,7
	1,6
	4,4
	10,255
	4,251
	255,250
	249,251
	253,0
20:
 0
21:
 0
22:
 49
	0,0
	252,28
	244,6
	250,9
	255,15
	7,11
	12,5
	11,255
	9,251
	6,248
	2,246
	255,248
	248,247
	245,251
	249,0
	0,0
	252,33
	245,7
	252,9
	1,9
	5,7
	10,4
	11,255
	10,248
	2,246
	254,249
	248,248
	246,254
	253,0
	0,0
	246,40
	0,24
	17,255
	2,252
	255,248
	1,245
	253,0
	255,7
	252,2
	250,255
	255,248
	253,0
	0,0
	252,53
	255,6
	1,1
	9,255
	1,251
	247,255
	0,0
	238,67
23:
 64
	0,0
	224,0
	0,61
	63,255
	255,196
	195,0
	0,0
	230,5
	255,50
	1,1
	52,255
	255,206
	206,0
24:
 0
25:
 0
26:
 0
27:
 0
30:
 72
	0,0
	221,0
	255,4
	1,1
	4,1
	2,4
	255,36
	251,1
	1,4
	5,1
	2,11
	5,8
	9,3
	13,255
	6,251
	1,1
	10,5
	9,1
	8,252
	1,248
	250,255
	250,7
	251,1
	252,253
	255,241
	10,254
	255,252
	247,255
	1,219
	5,252
	2,254
	254,254
	233,1
	1,3
	4,2
	2,4
	255,36
	235,255
	1,219
	6,250
	254,254
	236,0
	0,0
	238,51
	255,14
	3,4
	5,1
	11,246
	3,255
	255,248
	237,0
	0,0
	252,62
31:
 58
	0,0
	228,0
	255,1
	2,2
	5,3
	1,36
	249,6
	1,2
	4,1
	2,4
	1,8
	6,9
	12,3
	13,255
	6,250
	255,248
	249,1
	250,9
	250,1
	249,252
	254,246
	2,249
	30,255
	1,214
	6,250
	234,255
	2,4
	3,4
	1,36
	235,1
	255,219
	4,252
	5,254
	255,254
	232,0
	0,0
	228,3
32:
 57
	0,0
	230,0
	255,3
	1,1
	6,6
	255,35
	250,2
	1,4
	5,1
	3,14
	6,7
	8,2
	11,255
	6,252
	2,2
	5,1
	1,191
	6,249
	235,255
	255,2
	7,8
	255,53
	252,255
	245,9
	250,253
	255,240
	9,254
	255,252
	248,255
	1,219
	7,250
	254,254
	236,0
33:
 0
34:
 0
35:
 0
36:
 0
37:
 75
	0,0
	219,22
	74,1
	0,7
	182,0
	0,249
40:  
 0
41: !
 13
	0,0
	254,0
	252,4
	1,6
	2,2
	7,255
	2,252
	255,251
	252,254
	254,0
	0,0
	254,22
	252,45
	1,6
	1,1
	4,1
	5,251
	255,231
	252,233
	255,0
	0,0
	1,22
42: "
 71
	0,0
	232,0
	2,9
	16,34
	18,36
	5,255
	254,249
	247,238
	231,203
	252,0
	0,0
	10,2
	254,3
	17,19
	2,8
	253,6
	252,2
	251,255
	251,252
	255,0
	2,7
	3,3
	10,2
	8,251
	2,248
	253,246
	244,241
	11,255
	1,1
	4,1
	255,250
	250,254
	239,0
	0,0
	8,3
	0,0
	221,32
	0,2
	5,3
	255,34
	252,0
	1,2
	8,4
	3,255
	1,216
	4,252
	240,0
	0,0
	238,34
43: #
 72
	0,0
	238,0
	255,5
	21,47
	10,21
	4,7
	4,255
	222,178
	253,255
	0,0
	25,3
	254,11
	239,2
	1,6
	18,25
	4,255
	1,231
	5,254
	255,252
	252,254
	255,246
	253,0
	0,0
	14,20
	254,3
	9,12
	2,254
	255,244
	249,255
	0,0
	226,31
	250,3
	1,5
	5,255
	6,254
	5,5
	255,8
	250,4
	253,2
	7,5
	2,7
	250,4
	249,254
	3,6
	1,1
	11,255
	3,250
	255,248
	254,253
	5,248
	255,246
	249,249
	248,254
	0,0
	227,54
	0,0
	15,80
44: $
 48
	0,0
	252,248
	255,8
	241,4
	254,4
	0,17
	4,255
	2,247
	7,249
	5,0
	255,25
	243,8
	251,8
	255,11
	5,10
	1,1
	9,3
	5,2
	0,4
	6,255
	1,251
	14,251
	3,253
	255,238
	253,3
	252,10
	249,6
	253,255
	1,234
	12,248
	6,248
	2,244
	253,247
	248,250
	246,253
	255,250
	252,0
	0,0
	234,5
	0,0
	3,7
	255,19
	1,1
	4,254
	4,248
	254,250
	251,252
	0,0
	251,48
	253,4
	251,5
	1,7
	3,3
	4,1
	1,237
45: %
 76
	0,0
	235,0
	1,6
	35,74
	6,255
	252,245
	242,225
	238,219
	251,0
	0,0
	20,2
	248,5
	253,7
	1,25
	4,6
	9,3
	8,253
	5,246
	255,233
	250,248
	248,254
	0,0
	20,7
	252,8
	1,22
	4,6
	5,255
	3,246
	255,235
	252,252
	253,0
	0,0
	38,22
	0,0
	38,25
	0,0
	38,30
	0,0
	230,31
	247,7
	254,8
	1,22
	7,8
	10,1
	8,248
	1,228
	249,247
	248,255
	0,0
	223,35
	0,0
	231,36
	252,6
	255,23
	4,7
	4,1
	4,251
	1,233
	252,248
	253,255
46: &
 76
	0,0
	18,254
	247,5
	249,4
	242,249
	244,255
	247,5
	251,10
	1,11
	7,10
	1,1
	9,6
	254,18
	4,8
	4,4
	12,2
	8,253
	4,250
	1,246
	250,248
	247,250
	10,240
	3,0
	6,13
	255,4
	252,2
	0,2
	23,255
	255,254
	250,253
	243,234
	2,252
	10,251
	6,2
	3,3
	3,255
	251,246
	248,252
	251,255
	0,0
	239,8
	249,7
	254,9
	6,9
	3,2
	14,234
	253,253
	248,254
	254,0
	0,0
	33,14
	0,0
	10,43
	0,0
	249,49
	253,6
	1,10
	3,3
	5,255
	3,252
	255,247
	249,251
47: '
 19
	0,0
	250,46
	2,4
	6,8
	1,4
	253,2
	252,255
	251,4
	1,7
	2,2
	8,255
	5,251
	2,246
	251,247
	247,251
50: (
 32
	0,0
	14,248
	1,2
	245,9
	251,11
	252,20
	1,17
	2,9
	8,14
	5,5
	2,2
	254,1
	244,248
	247,245
	251,241
	255,241
	4,240
	10,242
	11,247
	4,255
	0,0
	0,0
51: )
 32
	0,0
	241,248
	12,7
	12,14
	5,15
	1,14
	252,15
	243,18
	245,8
	253,0
	2,252
	10,246
	5,243
	2,242
	255,237
	252,244
	249,246
	249,250
	0,254
52: *
 37
	0,0
	253,40
	6,1
	1,6
	254,6
	1,1
	9,248
	5,2
	1,3
	252,5
	248,2
	1,1
	9,3
	1,5
	255,2
	252,1
	247,249
	255,2
	3,7
	254,4
	252,1
	253,254
	255,251
	2,250
	255,255
	248,7
	250,254
	2,250
	9,252
	247,253
	254,250
	3,253
	6,2
	5,5
	1,254
	254,248
	1,254
53: +
 75
	0,0
	251,0
	255,32
	225,0
	0,8
	32,1
	0,30
	8,255
	1,226
	33,255
	255,249
	223,255
	255,225
	250,0
54: ,
 19
	0,0
	250,240
	8,11
	1,5
	247,2
	253,6
	3,5
	8,255
	6,250
	1,247
	249,246
	249,253
55: -
 77
	0,0
	218,30
	76,1
	0,8
	180,0
	0,248
56: .
 14
	0,0
	253,0
	252,4
	2,7
	7,1
	4,250
	254,251
	250,255
	0,0
	4,11
57: /
 40
	0,0
	236,0
	1,6
	25,59
	6,12
	1,1
	6,255
	253,246
	228,189
	249,0
	0,0
	11,77
60: 0
 52
	0,0
	254,0
	12,3
	1,1
	9,9
	4,12
	1,24
	252,12
	248,11
	244,4
	246,255
	247,249
	250,243
	254,238
	2,239
	8,243
	10,250
	3,0
	0,0
	255,5
	8,4
	3,4
	2,8
	2,20
	255,14
	251,12
	252,3
	250,1
	250,253
	252,250
	254,240
	1,228
	5,247
	6,253
61: 1
 34
	0,0
	241,0
	30,1
	0,2
	249,1
	253,6
	0,63
	247,255
	243,250
	1,253
	8,255
	2,252
	255,204
	250,253
	254,0
	0,254
62: 2
 46
	0,0
	234,255
	40,1
	4,11
	246,253
	238,1
	20,25
	4,13
	255,13
	253,6
	248,5
	243,1
	246,248
	253,246
	2,0
	5,7
	8,2
	6,255
	6,249
	2,246
	251,244
	245,241
	240,239
	0,255
	0,0
	12,68
63: 3
 43
	0,0
	246,254
	14,2
	1,1
	8,5
	6,8
	2,12
	252,10
	249,7
	6,8
	1,11
	251,8
	244,4
	247,254
	250,251
	254,248
	9,6
	11,255
	4,252
	1,246
	246,246
	250,254
	1,254
	9,254
	8,248
	1,245
	249,247
	248,255
	245,6
	251,255
	255,250
	8,251
	2,0
64: 4
 50
	0,0
	4,0
	10,1
	1,18
	9,1
	0,8
	246,1
	255,44
	252,1
	253,254
	226,216
	255,244
	29,254
	0,239
	0,0
	240,29
	20,1
	255,27
	252,253
	240,232
65: 5
 42
	0,0
	244,253
	11,1
	1,1
	10,5
	7,10
	2,12
	254,9
	248,10
	243,6
	252,2
	4,8
	2,2
	20,1
	3,8
	229,255
	244,231
	1,253
	13,252
	11,247
	3,250
	255,244
	249,249
	248,255
	245,5
	252,254
	1,250
	6,253
	1,0
66: 6
 47
	0,0
	252,254
	13,1
	1,1
	7,4
	6,12
	255,15
	251,10
	249,3
	247,1
	247,253
	255,4
	8,14
	4,4
	14,7
	3,1
	0,2
	246,255
	242,249
	243,242
	251,244
	255,234
	8,242
	10,251
	0,0
	255,3
	9,1
	5,8
	255,17
	250,8
	246,2
	249,251
	254,246
	5,242
	6,250
67: 7
 46
	0,0
	250,0
	5,1
	23,71
	0,2
	217,255
	250,241
	2,0
	4,5
	12,2
	18,255
	236,195
	0,254
70: 8
 45
	0,0
	250,255
	16,1
	1,1
	8,6
	3,9
	1,3
	253,6
	251,8
	250,7
	2,2
	7,7
	2,8
	253,9
	252,5
	246,3
	244,255
	247,250
	253,249
	1,243
	10,246
	246,245
	254,248
	1,248
	9,247
	5,255
	0,0
	254,4
	8,1
	1,1
	5,5
	255,9
	242,13
	248,247
	255,246
	6,248
	3,255
	0,0
	0,44
	6,2
	5,8
	255,9
	250,5
	247,1
	250,251
	255,250
	9,245
	2,254
71: 9
 50
	0,0
	236,254
	11,1
	1,1
	14,7
	10,11
	7,17
	2,16
	253,6
	249,11
	248,5
	242,1
	247,251
	250,248
	254,246
	1,244
	7,247
	13,253
	10,3
	1,251
	249,245
	247,248
	243,250
	0,255
	0,0
	253,34
	9,1
	1,1
	5,5
	255,16
	249,10
	248,2
	250,253
	252,248
	1,244
	6,246
	3,255
72: :
 13
	0,0
	254,0
	6,1
	2,6
	253,4
	251,1
	253,254
	255,250
	3,253
	255,0
	0,0
	253,40
	253,4
	1,6
	5,2
	5,251
	255,250
	250,255
73: ;
 18
	0,0
	249,238
	1,2
	7,7
	1,6
	253,2
	252,255
	252,4
	1,7
	1,1
	5,2
	8,250
	2,246
	252,248
	248,250
	254,0
	0,0
	3,242
	0,0
	251,38
	252,5
	1,5
	2,2
	7,255
	2,252
	255,252
	253,253
	253,0
74: <
 0
75: =
 74
	0,0
	219,23
	73,1
	0,7
	183,0
	0,249
	0,0
	219,37
	73,1
	0,7
	183,0
	0,249
76: >
 0
77: ?
 37
	0,0
	252,0
	253,4
	1,7
	1,1
	5,1
	6,250
	254,250
	249,255
	0,0
	4,11
	0,0
	253,20
	1,16
	8,16
	1,7
	251,10
	248,1
	253,252
	2,249
	1,252
	252,252
	250,2
	254,6
	2,8
	4,5
	9,3
	11,255
	7,250
	3,249
	255,244
	244,241
	253,250
	255,248
	253,0
100: @
 48
	0,0
	251,28
	244,6
	250,8
	255,14
	5,10
	10,6
	12,1
	10,252
	7,249
	3,244
	254,246
	247,247
	244,253
	252,0
	0,0
	254,32
	246,4
	250,7
	254,8
	3,10
	4,4
	7,3
	8,1
	12,250
	5,246
	255,247
	246,246
	247,254
	0,0
	254,38
	248,5
	254,6
	1,10
	3,3
	8,2
	8,252
	1,252
	254,255
	250,5
	250,254
	254,252
	1,248
	4,253
	6,1
	3,5
	2,254
	255,251
	248,252
	255,0
101: A
 80
	0,0
	216,0
	2,2
	5,4
	32,64
	31,198
	5,248
	4,252
	227,0
	0,2
	7,2
	253,10
	251,9
	230,255
	248,242
	2,252
	6,253
	234,255
	0,0
	216,2
	1,0
	0,0
	239,2
	0,0
	39,2
	0,0
	242,28
	20,1
	246,20
	250,247
	251,245
102: B
 63
	0,0
	225,0
	1,2
	8,5
	1,56
	247,7
	42,255
	8,252
	6,249
	1,244
	252,250
	251,252
	9,250
	4,246
	254,245
	250,250
	247,253
	212,0
	0,0
	246,3
	255,30
	1,1
	17,255
	8,250
	3,250
	254,247
	249,249
	240,254
	254,0
	0,0
	246,38
	255,28
	1,1
	17,255
	8,248
	1,249
	252,248
	245,251
	246,0
103: C
 70
	0,0
	255,255
	241,4
	244,9
	250,12
	255,20
	7,14
	7,7
	10,5
	14,2
	13,255
	8,253
	4,252
	3,7
	1,234
	255,0
	250,12
	247,6
	242,1
	244,251
	248,247
	252,244
	255,247
	6,240
	11,246
	10,254
	13,1
	1,1
	6,3
	7,7
	3,255
	254,252
	245,246
	241,253
	250,0
104: D
 80
	0,0
	216,0
	52,1
	1,1
	11,4
	2,2
	8,8
	4,12
	1,10
	253,14
	248,11
	244,6
	200,1
	3,253
	6,253
	2,252
	255,203
	250,252
	252,254
	0,0
	239,4
	255,61
	1,1
	26,255
	11,247
	5,246
	2,242
	252,244
	243,243
	241,253
	245,0
105: E
 68
	0,0
	222,0
	63,1
	4,17
	255,1
	249,246
	244,252
	231,1
	1,29
	24,255
	6,248
	1,22
	255,1
	249,247
	232,1
	1,25
	28,255
	6,249
	2,252
	1,17
	196,255
	1,254
	6,253
	3,252
	255,203
	249,251
	254,255
	0,255
106: F
 65
	0,0
	224,0
	0,2
	7,2
	4,6
	255,55
	248,4
	254,0
	0,2
	64,255
	255,240
	255,0
	253,8
	248,4
	229,255
	1,231
	23,1
	3,4
	2,5
	2,255
	255,231
	254,2
	253,6
	252,2
	235,255
	1,230
	5,252
	5,254
	222,255
	0,0
	3,2
107: G
 85
	0,0
	247,255
	240,6
	246,8
	251,11
	254,12
	2,14
	8,11
	5,5
	13,5
	22,1
	12,253
	5,253
	4,6
	1,236
	255,0
	249,10
	248,5
	242,2
	244,253
	245,248
	250,243
	255,246
	5,241
	12,244
	12,252
	15,1
	1,1
	6,4
	255,21
	250,5
	254,0
	0,3
	29,255
	255,254
	252,254
	252,251
	255,232
	241,251
	232,255
110: H
 77
	0,0
	218,0
	0,2
	6,3
	4,5
	255,53
	249,6
	254,0
	0,2
	29,255
	247,248
	1,233
	36,1
	255,23
	248,8
	28,255
	247,248
	1,202
	8,248
	228,0
	0,2
	4,2
	5,6
	255,24
	220,255
	1,231
	8,248
	228,0
	0,0
	247,2
	0,0
	38,2
	0,0
	10,69
111: I
 32
	0,0
	240,0
	0,2
	5,1
	5,6
	255,54
	250,5
	253,0
	0,2
	30,255
	250,253
	252,251
	1,202
	6,251
	3,255
	227,255
112: J
 41
	0,0
	243,255
	13,1
	1,1
	7,7
	2,10
	1,47
	2,2
	7,3
	0,1
	225,0
	1,254
	8,252
	1,199
	252,253
	252,4
	253,4
	249,255
	255,248
	5,252
	1,0
113: K
 77
	0,0
	219,0
	31,1
	255,2
	250,2
	252,6
	1,22
	4,254
	24,231
	255,253
	251,255
	2,254
	30,1
	255,2
	250,1
	221,36
	28,29
	7,1
	0,1
	230,0
	1,254
	6,254
	229,229
	254,2
	1,24
	2,2
	7,2
	0,1
	226,0
	1,254
	6,254
	2,252
	255,201
	249,251
	254,255
	0,255
114: L
 64
	0,0
	225,0
	255,1
	2,2
	4,1
	4,6
	255,55
	250,4
	2,2
	21,255
	1,255
	250,251
	1,198
	30,1
	8,9
	2,3
	1,253
	250,240
	201,0
115: M
 95
	0,0
	210,0
	0,2
	6,2
	4,6
	255,55
	250,3
	252,1
	1,2
	21,255
	26,210
	3,3
	22,44
	19,255
	254,254
	252,255
	254,252
	1,200
	5,252
	4,254
	226,255
	0,2
	6,3
	3,6
	255,42
	254,255
	231,206
	255,0
	239,33
	247,17
	254,255
	1,212
	5,252
	4,254
	232,255
	0,0
	235,2
	0,0
	47,2
116: N
 79
	0,0
	223,0
	0,1
	8,8
	255,52
	249,5
	250,3
	23,255
	40,215
	1,34
	249,8
	21,255
	248,249
	0,195
	206,53
	255,211
	8,248
	236,0
	0,0
	244,1
	0,0
	217,68
	0,0
	17,68
	0,1
117: O
 69
	0,0
	250,254
	242,7
	246,11
	252,16
	1,15
	5,10
	8,8
	15,6
	10,1
	12,252
	11,245
	5,241
	255,235
	248,243
	249,250
	244,252
	246,0
	0,0
	250,3
	244,12
	252,13
	1,23
	7,10
	4,4
	8,2
	11,255
	9,246
	3,244
	255,231
	249,246
	249,250
	245,0
120: P
 51
	0,0
	232,0
	0,2
	4,2
	4,5
	255,54
	248,6
	2,0
	1,1
	31,1
	8,253
	6,250
	2,246
	255,246
	250,248
	246,254
	243,1
	255,231
	8,248
	231,0
	0,0
	2,2
	0,0
	255,36
	250,6
	1,22
	2,2
	11,255
	7,248
	255,244
	248,248
	251,255
121: Q
 72
	0,0
	24,238
	236,7
	240,11
	244,7
	248,10
	252,16
	1,16
	7,13
	1,1
	4,4
	12,6
	13,1
	13,252
	10,247
	6,247
	3,243
	255,240
	250,244
	244,246
	253,254
	12,244
	11,253
	255,254
	247,0
	0,0
	250,5
	246,7
	251,11
	254,12
	1,16
	6,11
	4,4
	8,2
	10,255
	5,252
	6,248
	3,243
	255,235
	249,245
	248,251
	247,0
122: R
 70
	0,0
	221,0
	0,2
	4,2
	5,6
	255,54
	248,7
	40,255
	8,251
	5,246
	255,246
	248,248
	251,253
	15,235
	11,246
	4,254
	238,255
	235,27
	249,6
	252,253
	1,234
	8,248
	229,0
	0,0
	249,2
	0,0
	243,37
	253,4
	1,24
	2,2
	12,255
	8,248
	255,244
	250,250
	244,253
123: S
 48
	0,0
	250,254
	244,3
	250,254
	0,22
	2,255
	5,246
	7,251
	11,254
	1,1
	4,1
	1,1
	5,5
	255,9
	247,8
	236,13
	252,8
	255,5
	5,10
	2,2
	12,4
	13,255
	8,0
	1,1
	2,255
	255,236
	254,0
	255,7
	249,8
	244,2
	248,251
	254,249
	9,247
	16,247
	7,251
	4,246
	255,245
	250,248
	246,252
	245,0
124: T
 65
	0,0
	240,0
	0,3
	6,1
	5,6
	255,55
	237,255
	252,250
	254,253
	0,16
	62,255
	255,241
	251,8
	252,2
	241,255
	1,200
	6,251
	5,255
	255,254
	224,0
	0,0
	226,55
125: U
 77
	0,0
	248,254
	21,1
	1,1
	8,4
	5,7
	2,8
	1,46
	2,2
	7,2
	246,2
	242,255
	255,255
	10,251
	255,207
	251,249
	247,252
	240,1
	248,6
	253,9
	1,44
	3,3
	6,2
	248,2
	235,255
	255,255
	8,251
	2,204
	6,248
	11,251
	2,0
126: V
 73
	0,0
	0,255
	245,24
	239,39
	248,7
	1,1
	28,255
	254,254
	250,254
	255,254
	18,216
	2,0
	16,34
	2,6
	250,4
	253,1
	1,2
	21,255
	255,254
	249,250
	251,245
	235,206
127: W
 102
	0,0
	238,0
	3,3
	15,37
	1,1
	18,215
	4,8
	19,54
	5,5
	3,2
	255,2
	236,255
	1,254
	6,254
	255,248
	244,226
	255,255
	247,21
	250,15
	1,4
	6,2
	255,2
	226,255
	1,254
	7,254
	3,252
	3,246
	246,231
	254,255
	241,37
	2,4
	5,2
	255,2
	229,255
	4,252
	4,252
	24,196
	1,255
	0,0
	18,0
130: X
 77
	0,0
	219,0
	255,3
	1,1
	8,3
	19,21
	4,7
	247,16
	250,7
	250,8
	249,3
	253,2
	1,1
	32,255
	255,254
	250,253
	13,237
	4,0
	14,18
	254,3
	252,2
	0,1
	22,1
	1,254
	252,254
	249,251
	238,233
	4,248
	16,232
	8,251
	2,254
	224,255
	255,2
	6,2
	2,4
	242,20
	247,248
	246,242
	7,252
	246,254
	243,0
	0,0
	243,3
	0,0
	14,69
	0,0
	219,70
131: Y
 76
	0,0
	239,0
	0,2
	8,4
	2,6
	255,20
	236,31
	253,4
	249,2
	0,1
	29,1
	1,254
	250,254
	255,253
	16,232
	4,2
	12,17
	3,7
	255,2
	251,1
	1,2
	22,255
	254,254
	248,252
	234,221
	1,234
	6,252
	3,253
	225,0
	0,0
	15,2
	0,0
	218,68
132: Z
 65
	0,0
	226,0
	60,1
	1,18
	255,1
	249,245
	249,253
	228,1
	42,62
	0,2
	203,1
	254,250
	1,244
	5,8
	3,3
	27,1
	0,254
	224,211
	245,240
	1,254
133: [
 21
	0,0
	246,248
	20,1
	0,3
	244,1
	1,79
	10,1
	0,3
	237,0
	0,169
134: \
 71
	0,0
	234,0
	5,1
	36,77
	252,1
	251,246
	223,188
	0,0
	24,3
	5,1
	1,8
	2,2
	3,1
	255,4
	252,2
	254,25
	254,1
	238,231
	255,248
	16,255
	1,247
	0,0
	14,19
	9,1
	1,13
	254,2
	246,242
	1,255
	0,0
	221,32
	16,1
	251,3
	0,42
	247,250
	254,255
	5,254
	255,222
	252,254
135: ]
 22
	0,0
	246,248
	20,1
	0,88
	235,0
	1,251
	11,255
	255,178
	246,0
	0,252
136: ^
 11
	0,0
	251,50
	1,14
	3,12
	1,1
	4,255
	1,253
	247,233
137: _
 54
	0,0
	229,0
	0,6
	53,255
	255,251
	205,0
140: `
 18
	0,0
	255,46
	248,8
	1,12
	6,7
	6,2
	0,254
	249,248
	255,252
	2,253
	1,1
	7,254
	2,251
	253,251
	251,255
141: a
 46
	0,0
	243,255
	247,6
	255,11
	7,9
	19,7
	2,6
	253,6
	250,3
	250,253
	254,252
	1,251
	250,253
	252,4
	3,9
	2,2
	14,4
	12,252
	3,249
	255,229
	2,250
	8,255
	250,250
	250,255
	249,6
	243,250
	254,0
	0,0
	248,7
	250,6
	2,6
	4,4
	12,4
	1,241
	251,252
	249,255
	0,0
	22,8
142: b
 52
	0,0
	248,255
	245,6
	255,59
	250,0
	2,3
	14,6
	1,227
	2,2
	11,5
	9,254
	8,248
	5,242
	253,244
	249,245
	246,251
	243,0
	0,0
	254,4
	249,5
	255,26
	5,6
	9,1
	10,248
	2,243
	252,245
	249,250
	250,0
143: c
 41
	0,0
	253,254
	246,5
	251,8
	254,12
	1,11
	7,10
	2,2
	14,4
	9,254
	6,250
	1,251
	252,252
	252,2
	251,9
	247,1
	249,250
	254,246
	1,246
	8,246
	8,254
	10,5
	3,5
	1,252
	249,245
	246,252
	251,0
144: d
 54
	0,0
	248,255
	244,6
	251,7
	254,10
	1,14
	7,10
	1,1
	12,4
	11,254
	3,254
	1,14
	253,4
	251,1
	1,1
	16,5
	1,194
	4,253
	3,255
	242,249
	253,1
	255,4
	247,252
	250,255
	0,0
	253,6
	247,5
	251,8
	255,16
	8,10
	9,2
	7,251
	3,250
	255,230
	252,253
	250,255
145: e
 48
	0,0
	251,254
	245,6
	250,8
	254,10
	1,12
	5,9
	3,3
	10,4
	14,255
	8,250
	4,243
	221,254
	254,252
	5,246
	6,251
	10,254
	1,1
	7,2
	9,9
	1,252
	249,245
	248,251
	244,255
	0,0
	241,33
	255,4
	5,6
	9,2
	8,253
	3,249
	254,254
	235,0
146: f
 41
	0,0
	236,0
	2,2
	4,1
	2,6
	255,35
	250,2
	1,2
	6,3
	2,12
	6,8
	8,2
	11,255
	5,251
	255,251
	252,255
	247,8
	250,255
	253,252
	1,242
	9,253
	254,254
	249,255
	255,218
	4,252
	4,254
	232,0
147: g
 46
	0,0
	244,239
	248,4
	253,4
	1,6
	5,7
	253,6
	4,8
	1,3
	252,5
	254,8
	2,9
	5,5
	10,2
	20,254
	5,253
	252,253
	252,255
	1,245
	251,248
	246,252
	248,1
	253,252
	4,253
	23,255
	5,252
	2,250
	255,250
	248,248
	242,252
	246,0
	0,0
	234,244
	0,0
	249,246
	247,5
	2,6
	2,2
	28,255
	2,252
	250,250
	246,254
	248,0
	0,0
	252,22
	249,7
	253,12
	6,6
	7,255
	5,250
	2,245
	252,250
	251,255
150: h
 54
	0,0
	230,0
	1,2
	5,5
	255,58
	251,0
	0,1
	13,6
	2,225
	6,6
	9,3
	8,255
	6,248
	1,220
	5,251
	237,0
	1,2
	5,5
	255,30
	253,4
	247,1
	247,250
	1,225
	5,251
	236,0
	0,0
	27,1
151: i
 21
	0,0
	246,0
	1,2
	5,5
	255,34
	251,0
	0,2
	14,7
	0,0
	247,0
	19,1
	250,6
	0,41
	0,0
	254,60
	253,4
	1,5
	2,2
	5,255
	2,252
	255,252
	252,254
	255,0
152: j
 29
	0,0
	249,243
	249,5
	1,4
	2,2
	4,255
	6,251
	6,4
	255,50
	250,0
	1,2
	15,7
	1,240
	254,216
	249,247
	246,253
	254,0
	0,0
	7,65
	253,4
	1,5
	2,2
	5,255
	2,252
	255,252
	252,254
	255,0
153: k
 52
	0,0
	230,0
	0,2
	6,6
	255,54
	251,3
	1,1
	12,5
	2,215
	1,1
	16,12
	1,2
	252,2
	1,2
	20,255
	254,254
	250,254
	239,242
	22,230
	4,252
	235,0
	0,2
	3,1
	254,4
	240,18
	255,239
	6,248
	237,0
	0,0
	250,2
	0,0
	25,2
154: l
 23
	0,0
	245,0
	1,2
	4,2
	2,4
	255,54
	251,3
	1,255
	0,0
	246,0
	21,1
	249,5
	0,65
	244,251
155: m
 86
	0,0
	213,0
	1,2
	4,2
	2,4
	255,32
	250,3
	1,1
	14,6
	1,248
	4,2
	1,1
	11,5
	9,253
	6,250
	11,8
	9,1
	7,251
	3,249
	1,223
	4,253
	2,254
	234,0
	1,2
	4,2
	2,4
	255,29
	252,5
	249,1
	248,251
	254,252
	1,227
	4,253
	2,254
	234,0
	1,2
	4,2
	2,4
	255,29
	249,5
	247,255
	249,250
	1,226
	4,253
	2,254
	235,0
156: n
 57
	0,0
	228,0
	1,2
	4,2
	3,4
	255,34
	249,0
	1,2
	14,6
	2,249
	4,2
	1,1
	9,4
	10,255
	5,251
	2,248
	1,226
	5,252
	2,254
	232,0
	1,2
	4,2
	3,4
	255,30
	251,4
	250,1
	246,251
	254,250
	1,230
	5,252
	2,254
	233,0
157: o
 51
	0,0
	248,254
	247,5
	250,8
	254,12
	1,10
	5,9
	4,4
	13,4
	10,254
	9,251
	6,248
	2,246
	255,246
	251,247
	248,250
	246,254
	248,0
	0,0
	254,2
	248,5
	252,8
	255,15
	5,10
	4,4
	7,1
	8,251
	4,250
	2,246
	255,246
	251,248
	250,252
	252,0
160: p
 48
	0,0
	232,238
	1,2
	4,2
	1,52
	252,3
	254,2
	13,4
	2,251
	13,5
	8,255
	8,248
	3,243
	255,244
	250,247
	245,251
	245,1
	254,1
	255,242
	4,253
	2,254
	236,0
	0,0
	253,3
	249,8
	1,25
	3,3
	9,1
	9,249
	3,246
	255,245
	247,247
	249,0
161: q
 55
	0,0
	1,239
	25,1
	248,5
	255,61
	252,250
	248,5
	242,1
	245,249
	250,244
	255,249
	3,242
	5,249
	9,252
	11,1
	2,2
	5,2
	1,241
	252,253
	252,254
	0,0
	251,7
	246,8
	254,10
	1,12
	6,7
	8,2
	6,254
	5,250
	255,228
	250,253
	250,0
162: r
 37
	0,0
	238,0
	1,2
	7,5
	255,35
	249,1
	2,2
	11,5
	4,254
	2,253
	3,3
	8,2
	6,252
	255,251
	252,254
	252,1
	252,2
	250,251
	1,225
	7,250
	232,0
163: s
 36
	0,0
	252,254
	244,2
	254,0
	0,13
	10,246
	9,255
	1,1
	4,2
	3,4
	255,4
	248,6
	241,8
	253,9
	5,10
	1,1
	12,3
	9,253
	2,254
	2,4
	1,240
	255,0
	252,8
	250,4
	247,1
	250,251
	1,252
	8,251
	15,248
	4,251
	2,250
	255,254
	1,254
	250,249
	248,252
	249,0
	0,0
	12,49
164: t
 28
	0,0
	254,255
	250,6
	255,40
	251,1
	1,2
	4,2
	9,9
	1,245
	9,255
	254,254
	248,255
	1,221
	6,252
	6,2
	254,252
	248,252
	252,0
165: u
 55
	0,0
	245,0
	249,5
	254,8
	255,31
	250,5
	1,1
	13,255
	1,220
	5,252
	9,255
	1,1
	4,2
	4,5
	255,28
	250,5
	1,1
	15,255
	1,215
	6,254
	254,254
	243,252
	255,9
	248,249
	246,254
	253,0
	0,0
	28,23
	0,0
	229,48
	0,0
	4,48
166: v
 57
	0,0
	1,0
	233,46
	250,1
	1,2
	23,255
	254,254
	250,255
	15,227
	3,3
	13,26
	249,2
	1,2
	15,255
	254,254
	254,255
	234,211
167: w
 74
	0,0
	242,0
	237,45
	252,2
	1,2
	18,255
	254,254
	253,254
	2,249
	9,238
	3,3
	5,16
	255,4
	254,3
	251,2
	1,2
	20,255
	252,251
	3,246
	6,242
	3,3
	9,21
	254,3
	253,1
	1,2
	14,255
	235,212
	254,252
	244,26
	255,2
	253,255
	246,230
170: x
 54
	0,0
	229,0
	0,1
	8,5
	13,17
	241,22
	250,2
	1,1
	23,255
	252,253
	1,252
	7,250
	8,8
	254,4
	254,1
	1,1
	18,255
	250,253
	243,242
	1,251
	16,234
	4,254
	235,255
	255,1
	1,1
	3,3
	247,13
	255,1
	244,242
	1,253
	4,255
	239,255
	0,0
	27,12
	0,1
171: y
 51
	0,0
	237,239
	251,5
	3,6
	1,1
	10,254
	5,8
	254,10
	245,28
	252,7
	253,2
	1,1
	20,255
	251,253
	1,249
	9,235
	12,27
	249,4
	1,1
	18,255
	251,253
	232,202
	250,250
	248,254
	0,0
	234,250
172: z
 43
	0,0
	235,0
	2,7
	24,36
	255,2
	239,255
	253,252
	255,251
	255,14
	38,255
	248,243
	237,228
	2,254
	21,1
	4,7
	1,243
	215,0
173: {
 0
174: |
 7
	0,0
	253,234
	0,111
	6,255
	255,146
	252,0
175: }
 0
176: ~
 28
	0,0
	242,20
	0,9
	27,255
	255,248
	231,0
177:
 0
