0:
 0
1:
 67
	0,0
	231,1
	248,10
	0,12
	7,7
	15,0
	9,249
	6,0
	12,18
	3,3
	5,0
	250,248
	249,245
	248,246
	10,247
	6,1
	1,1
	6,0
	250,250
	242,0
	248,8
	245,248
	246,0
	0,0
	25,4
	0,0
	231,7
	254,6
	0,10
	1,1
	15,0
	8,249
	245,247
	247,0
2:
 60
	0,0
	227,254
	2,12
	6,14
	18,34
	11,12
	11,0
	4,250
	0,244
	247,246
	2,250
	6,248
	255,243
	244,250
	245,1
	251,4
	0,5
	11,251
	12,2
	1,11
	244,11
	15,19
	0,6
	250,4
	242,245
	239,218
	250,236
	252,0
	0,0
	234,254
3:
 35
	0,0
	239,8
	0,5
	27,255
	255,253
	231,0
	0,0
	239,20
	0,6
	27,255
	255,252
	231,0
	0,0
	239,33
	0,5
	27,255
	255,253
	231,0
4:
 48
	0,0
	237,7
	2,10
	3,7
	247,3
	0,5
	15,1
	2,6
	239,3
	0,5
	23,1
	8,18
	5,255
	251,240
	9,253
	0,252
	241,254
	254,250
	17,253
	0,252
	234,255
	247,238
	253,0
	0,0
	243,7
	0,0
	233,26
	0,0
	17,32
	0,0
	233,41
	0,0
	17,47
	0,0
	7,66
5:
 0
6:
 55
	0,0
	229,1
	47,1
	0,2
	251,3
	255,63
	250,254
	254,255
	253,3
	243,253
	247,245
	255,243
	249,255
	0,253
	6,254
	1,227
	252,253
	253,0
	0,254
	0,0
	248,5
	12,2
	255,29
	243,0
	0,228
	0,0
	248,42
	12,2
	255,13
	252,1
	1,5
	251,1
	251,251
	0,242
7:
 48
	0,0
	248,1
	242,10
	255,18
	6,10
	2,2
	12,3
	8,255
	11,246
	1,240
	250,245
	245,252
	249,0
	0,0
	246,5
	253,6
	4,5
	11,3
	8,252
	4,5
	0,7
	251,3
	247,252
	0,251
	0,0
	248,5
	13,2
	2,4
	251,5
	0,0
	240,14
	252,6
	0,7
	3,3
	11,252
	255,250
	249,251
	0,0
	246,26
	0,0
	4,26
	0,0
	251,27
	248,8
	2,4
	16,0
	2,251
	248,250
	253,0
10:
 0
11:
 0
12:
 0
13:
 0
14:
 48
	0,0
	13,11
	245,14
	250,10
	241,236
	252,0
	0,7
	15,19
	0,8
	248,11
	252,4
	0,2
	9,254
	9,238
	6,244
	7,243
	6,250
	0,253
	254,0
	0,0
	17,17
	0,0
	236,61
15:
 70
	0,0
	230,7
	247,10
	1,16
	7,8
	15,255
	9,249
	8,8
	15,255
	7,247
	0,240
	247,249
	243,0
	247,8
	246,248
	245,0
	0,0
	233,10
	247,10
	1,10
	7,8
	7,255
	9,246
	0,249
	245,247
	253,0
	0,0
	10,10
	246,12
	1,7
	9,9
	7,255
	7,247
	0,246
	247,249
	253,0
16:
 35
	0,0
	5,16
	0,10
	234,3
	0,4
	27,0
	255,240
	255,0
17:
 45
	0,0
	246,254
	250,3
	252,4
	254,18
	13,7
	17,2
	243,23
	241,15
	0,3
	6,0
	24,231
	4,242
	2,231
	252,249
	250,253
	242,255
	0,0
	249,2
	247,6
	1,14
	1,1
	16,1
	8,253
	255,243
	246,251
	252,0
	0,0
	237,26
	0,0
	245,58
	0,0
	242,61
	0,0
	237,66
20:
 48
	0,0
	5,8
	254,6
	255,30
	246,1
	251,223
	246,0
	0,2
	5,2
	255,29
	252,0
	0,6
	31,0
	9,250
	248,253
	1,228
	7,253
	247,254
	0,0
	245,11
	0,0
	17,11
21:
 30
	0,0
	251,254
	254,66
	249,253
	0,5
	8,7
	7,0
	7,247
	0,251
	250,5
	253,190
	253,0
	0,0
	0,254
	0,0
	242,58
22:
 33
	0,0
	252,1
	244,13
	0,2
	5,254
	5,253
	3,44
	3,212
	10,5
	254,251
	246,247
	0,0
	252,55
23:
 63
	0,0
	237,16
	245,13
	2,6
	8,9
	3,255
	250,247
	45,253
	230,253
	237,255
	6,247
	0,255
24:
 55
	0,0
	1,7
	3,6
	6,6
	219,4
	0,3
	37,3
	248,10
	0,2
	5,254
	13,241
	239,240
	0,0
	229,22
25:
 63
	0,0
	242,7
	240,18
	16,16
	2,254
	248,247
	33,254
	1,1
	248,10
	0,2
	5,254
	14,241
	239,240
	254,0
	2,5
	6,6
	223,1
	255,0
	8,245
	255,255
26:
 50
	0,0
	252,1
	235,43
	0,1
	4,0
	16,225
	5,3
	14,28
	3,0
	237,213
	0,0
	13,45
27:
 38
	0,0
	246,1
	247,10
	0,33
	4,255
	1,227
	8,250
	7,0
	6,8
	0,28
	4,255
	0,222
	247,249
	246,0
30:
 38
	0,0
	237,1
	1,35
	7,8
	15,255
	7,247
	0,224
	253,0
	253,31
	250,5
	249,255
	251,250
	253,227
	255,0
	0,0
	242,1
31:
 50
	0,0
	240,8
	248,11
	0,14
	7,8
	34,255
	0,253
	225,253
	251,250
	1,248
	6,251
	29,255
	0,251
	225,0
32:
 50
	0,0
	231,8
	0,5
	32,3
	4,6
	0,8
	250,5
	227,1
	0,5
	34,255
	7,247
	0,242
	247,248
	225,0
33:
 48
	0,0
	233,1
	0,4
	40,0
	0,253
	217,0
	0,0
	13,16
	220,19
	0,3
	39,17
	1,254
	228,240
	3,252
	25,243
	0,253
	254,0
34:
 0
35:
 48
	0,0
	233,1
	0,4
	40,0
	0,253
	217,0
	0,0
	233,16
	2,6
	26,13
	0,3
	228,14
	0,3
	9,254
	31,240
	253,252
	220,240
36:
 48
	0,0
	252,1
	244,32
	249,24
	0,3
	3,255
	8,237
	19,1
	6,19
	4,255
	254,243
	242,215
	253,253
	0,0
	252,17
	4,2
	1,11
	250,2
	254,248
	1,252
37:
 42
	0,0
	236,1
	34,1
	0,61
	222,0
	0,252
	28,253
	0,237
	240,255
	0,251
	15,255
	1,235
	228,253
	0,253
40:  
 0
41: !
 19
	0,0
	252,1
	252,6
	2,6
	1,1
	6,254
	1,250
	252,252
	0,0
	252,23
	255,12
	253,34
	3,4
	6,254
	1,240
	254,235
	254,246
42: "
 27
	0,0
	248,51
	2,6
	0,16
	251,0
	0,236
	0,0
	5,51
	3,6
	0,16
	251,0
	1,236
43: #
 52
	0,0
	237,7
	5,1
	3,8
	8,255
	255,249
	5,0
	3,8
	12,1
	1,5
	245,1
	4,7
	9,2
	0,4
	248,2
	0,7
	253,0
	251,248
	249,1
	1,7
	252,0
	252,248
	244,255
	255,251
	10,255
	253,249
	247,254
	1,252
	7,254
	255,250
	0,0
	249,22
	5,1
	3,6
	251,1
	252,250
44: $
 45
	0,0
	249,243
	2,5
	2,3
	4,0
	1,248
	5,11
	1,2
	6,5
	2,17
	254,8
	248,8
	1,23
	3,253
	255,247
	7,0
	255,11
	246,10
	0,3
	253,0
	254,253
	252,0
	255,3
	254,0
	253,250
	250,253
	252,245
	0,243
	6,247
	5,255
	255,229
	250,2
	1,11
	249,255
	2,244
	11,251
	1,247
	0,0
	254,0
	3,1
	255,26
	252,0
	0,231
	0,0
	7,2
	255,20
	1,1
	6,251
	254,244
	254,255
	0,0
	254,39
	254,24
	1,1
	4,0
	255,232
	255,0
	0,0
	243,42
	253,9
	2,9
	2,1
	3,254
	255,240
	255,0
45: %
 50
	0,0
	236,1
	27,60
	255,3
	246,0
	250,245
	255,248
	250,253
	250,0
	255,12
	1,3
	11,0
	6,10
	19,0
	255,242
	230,205
	251,0
	0,0
	7,1
	254,9
	0,6
	3,3
	6,255
	3,250
	0,249
	250,253
	254,0
	0,0
	14,1
	0,0
	4,4
	0,0
	8,5
	0,6
	2,3
	4,253
	0,251
	253,0
	0,0
	237,44
	253,6
	2,4
	5,253
	254,250
46: &
 57
	0,0
	240,1
	246,7
	255,17
	6,8
	9,9
	249,13
	1,9
	6,6
	16,0
	4,250
	0,241
	248,250
	1,244
	6,246
	4,3
	3,14
	254,4
	11,0
	253,253
	251,240
	253,247
	10,247
	3,253
	240,0
	250,5
	253,255
	252,252
	246,0
	0,0
	243,7
	252,4
	253,9
	5,12
	3,3
	4,255
	8,239
	254,250
	250,253
	253,0
	0,0
	231,30
	0,0
	10,41
	0,1
	0,0
	2,44
	0,0
	240,47
	0,0
	249,47
	250,11
	1,6
	1,2
	12,255
	1,247
	252,248
	253,0
	0,0
	7,67
47: '
 19
	0,0
	255,45
	1,10
	248,6
	0,6
	3,3
	6,254
	1,241
	254,251
50: (
 23
	0,0
	2,254
	2,3
	252,4
	251,24
	0,23
	9,21
	251,254
	250,244
	252,239
	0,232
	8,241
	4,252
	0,0
	255,0
	0,0
	252,67
	0,0
	4,69
51: )
 23
	0,0
	245,254
	5,3
	6,9
	4,22
	255,20
	251,15
	247,6
	0,253
	5,245
	4,239
	0,232
	247,237
	0,0
	245,1
	0,0
	254,2
52: *
 38
	0,0
	252,4
	4,4
	255,11
	1,1
	7,251
	4,1
	0,3
	247,4
	0,4
	9,5
	0,3
	250,0
	251,251
	255,6
	1,5
	254,4
	253,0
	254,250
	1,248
	255,255
	252,5
	248,0
	1,252
	9,252
	255,252
	247,253
	1,251
	6,1
	4,4
	2,251
	255,250
	1,253
	0,0
	4,14
53: +
 35
	0,0
	251,11
	3,2
	3,10
	9,1
	0,5
	246,1
	255,11
	252,0
	253,245
	247,0
	0,250
	9,255
	2,247
54: ,
 19
	0,0
	251,243
	0,5
	2,5
	254,5
	0,5
	7,255
	0,243
	250,250
55: -
 35
	0,0
	239,22
	27,1
	0,3
	229,0
	0,254
56: .
 19
	0,0
	252,254
	252,4
	3,6
	6,254
	1,252
	252,252
57: /
 33
	0,0
	240,0
	4,1
	22,68
	0,4
	252,0
	234,188
	0,253
60: 0
 45
	0,0
	248,0
	12,1
	9,13
	3,12
	255,29
	244,15
	243,0
	247,245
	253,239
	1,232
	10,240
	0,0
	251,2
	6,2
	4,6
	3,17
	0,27
	253,9
	250,4
	250,0
	252,250
	253,238
	0,228
	5,247
	1,255
61: 1
 45
	0,0
	243,1
	27,1
	0,2
	250,1
	253,15
	0,50
	246,0
	248,251
	8,252
	0,200
	248,0
	0,254
62: 2
 45
	0,0
	234,1
	36,1
	0,14
	2,3
	0,251
	0,0
	234,2
	1,6
	15,17
	8,13
	0,22
	250,4
	249,0
	251,250
	5,248
	0,252
	248,1
	255,10
	9,13
	13,0
	9,245
	0,234
	245,244
	248,243
	18,255
	1,0
	0,0
	251,14
	0,0
	14,19
	0,0
	0,35
	0,0
	8,64
	0,0
	5,67
63: 3
 45
	0,0
	246,1
	14,1
	1,2
	11,10
	255,13
	255,3
	245,6
	253,2
	1,1
	7,5
	3,8
	0,12
	248,6
	242,0
	251,250
	255,250
	6,254
	0,7
	2,3
	10,255
	4,247
	0,249
	246,247
	247,255
	2,253
	9,254
	10,249
	1,246
	248,247
	245,0
	253,3
	0,6
	250,2
	254,251
	5,247
	5,254
	0,0
	8,35
	0,0
	11,47
64: 4
 45
	0,0
	249,1
	21,1
	0,2
	251,1
	255,14
	0,1
	5,0
	3,253
	0,10
	254,0
	253,255
	253,1
	0,43
	248,0
	234,209
	20,253
	0,242
	251,255
	0,254
	0,0
	242,25
	12,1
	0,28
	242,230
	0,255
65: 5
 45
	0,0
	246,1
	14,1
	1,2
	11,10
	255,19
	243,8
	243,3
	0,17
	22,3
	0,9
	237,254
	251,255
	255,223
	14,1
	8,245
	0,241
	250,250
	240,255
	251,8
	1,6
	4,255
	0,246
	0,0
	245,2
	0,0
	5,41
66: 6
 45
	0,0
	249,1
	12,1
	11,12
	255,19
	252,8
	234,3
	8,16
	4,4
	13,5
	0,1
	244,0
	241,244
	250,238
	1,228
	9,247
	0,0
	251,5
	9,2
	4,18
	253,13
	246,1
	250,245
	0,242
	3,250
67: 7
 45
	0,0
	252,1
	6,1
	2,24
	7,23
	3,15
	2,6
	226,0
	251,244
	4,254
	4,8
	21,0
	249,226
	251,242
	254,239
70: 8
 45
	0,0
	249,1
	14,1
	1,2
	11,10
	255,13
	244,11
	2,3
	8,7
	255,15
	244,7
	243,0
	249,250
	254,240
	10,247
	243,244
	1,241
	10,247
	2,0
	0,0
	249,5
	14,2
	3,9
	255,14
	247,5
	249,255
	252,253
	254,237
	4,252
	0,0
	254,39
	7,3
	3,15
	251,9
	246,255
	252,247
	0,248
	3,250
	3,0
71: 9
 45
	0,0
	239,1
	12,1
	2,2
	11,9
	6,13
	2,31
	245,13
	243,0
	245,244
	1,237
	6,248
	20,253
	248,240
	251,252
	244,253
	0,254
	0,0
	251,32
	9,1
	4,14
	253,17
	246,2
	251,248
	255,241
	3,247
72: :
 19
	0,0
	252,1
	5,3
	1,6
	252,4
	250,253
	0,250
	2,254
	0,0
	252,30
	5,3
	1,6
	252,5
	250,252
	0,250
	2,255
73: ;
 19
	0,0
	251,246
	3,1
	4,10
	0,10
	250,3
	252,251
	2,250
	3,251
	254,250
	0,0
	251,32
	253,6
	3,6
	6,254
	1,250
	252,253
	254,0
74: <
 50
	0,0
	16,7
	1,6
	225,16
	0,1
	31,17
	0,4
	214,236
	1,252
	38,238
75: =
 35
	0,0
	239,16
	27,1
	0,3
	229,0
	0,254
	0,0
	239,29
	27,1
	0,3
	229,0
	0,254
76: >
 50
	0,0
	231,4
	42,21
	0,4
	214,19
	1,251
	31,240
	224,240
	0,251
77: ?
 35
	0,0
	248,0
	251,5
	4,6
	6,254
	1,252
	251,251
	0,0
	248,22
	0,11
	10,14
	2,13
	251,4
	247,0
	253,244
	252,0
	0,11
	8,7
	11,0
	8,245
	255,239
	243,241
	253,252
	1,0
100: @
 52
	0,0
	237,1
	38,1
	0,2
	218,1
	255,3
	253,3
	0,24
	8,7
	23,0
	6,248
	2,243
	252,250
	253,15
	255,3
	237,2
	250,248
	0,246
	9,251
	24,1
	3,9
	255,19
	252,1
	253,5
	231,1
	250,253
	250,244
	1,231
	4,251
	0,0
	242,13
	0,0
	249,14
	8,2
	3,10
	252,6
	248,255
	253,248
	2,250
	0,0
	242,33
101: A
 67
	0,0
	223,1
	21,1
	0,2
	246,1
	253,6
	19,53
	3,6
	22,194
	7,250
	233,0
	0,2
	7,1
	252,15
	233,2
	251,243
	0,0
	223,2
	0,2
	6,3
	0,0
	223,4
	0,0
	26,4
	0,0
	242,27
	15,2
	255,12
	254,8
	254,5
	252,254
	248,234
102: B
 57
	0,0
	229,1
	0,3
	4,3
	0,59
	252,4
	38,0
	9,244
	0,246
	248,247
	10,245
	255,234
	246,252
	219,0
	0,0
	245,5
	254,28
	1,2
	16,255
	7,247
	0,240
	250,253
	241,0
	0,0
	245,39
	254,25
	1,2
	20,255
	0,234
	250,253
	244,0
	0,0
	229,67
103: C
 60
	0,0
	246,1
	243,9
	250,17
	1,25
	7,14
	22,7
	15,250
	254,254
	242,4
	245,254
	248,234
	1,231
	7,244
	18,254
	1,1
	11,1
	4,250
	0,20
	253,248
	253,253
	0,0
	248,1
	19,1
	2,2
	3,1
	1,1
	19,52
	3,2
	0,16
	254,0
	254,254
	254,0
	19,54
	254,9
104: D
 70
	0,0
	221,1
	0,3
	7,1
	1,59
	251,3
	253,0
	0,3
	48,0
	9,245
	5,242
	0,231
	246,241
	247,253
	215,0
	0,0
	243,5
	255,59
	0,2
	19,255
	9,250
	3,230
	253,235
	244,250
	243,0
105: E
 63
	0,0
	226,1
	0,3
	6,1
	0,61
	250,3
	0,1
	52,0
	0,245
	0,0
	227,1
	55,1
	0,15
	0,0
	248,5
	254,28
	1,2
	9,255
	7,247
	0,255
	0,0
	249,5
	29,2
	3,7
	0,0
	5,26
	2,23
	0,0
	248,39
	254,25
	1,2
	26,255
	3,253
	0,0
	249,39
	7,2
	5,6
	0,0
	226,67
106: F
 60
	0,0
	227,1
	30,1
	0,2
	248,1
	255,28
	0,2
	9,255
	7,247
	0,255
	0,0
	227,2
	1,2
	5,1
	2,59
	251,3
	253,0
	0,3
	52,0
	0,239
	0,0
	227,4
	0,0
	8,27
	0,23
	0,0
	249,39
	255,25
	0,2
	27,255
	3,250
	0,0
	251,39
	6,2
	6,6
107: G
 70
	0,0
	243,1
	17,1
	1,2
	6,3
	8,12
	1,8
	7,2
	0,1
	227,0
	2,254
	4,255
	255,238
	251,253
	242,1
	252,9
	254,38
	4,12
	1,1
	17,2
	7,251
	7,244
	2,15
	254,3
	253,254
	241,5
	247,0
	242,245
	250,242
	254,236
	7,242
	11,245
	2,0
110: H
 75
	0,0
	220,1
	28,1
	0,2
	250,1
	254,28
	1,2
	25,255
	255,227
	249,0
	0,253
	28,0
	0,2
	250,1
	255,59
	1,3
	6,2
	0,1
	228,0
	0,254
	6,255
	2,231
	232,254
	254,24
	2,3
	6,2
	0,1
	228,0
	0,254
	6,255
	2,197
	251,253
	253,0
	0,254
111: I
 35
	0,0
	239,1
	27,1
	0,2
	249,1
	1,61
	1,1
	5,2
	0,1
	229,0
	0,254
	6,253
	0,196
	250,0
	0,254
112: J
 42
	0,0
	242,249
	11,1
	8,13
	2,59
	1,1
	6,2
	0,1
	229,0
	1,254
	6,255
	255,187
	252,254
	254,4
	1,5
	249,2
	255,248
	3,252
	0,0
	0,252
113: K
 77
	0,0
	218,1
	30,1
	0,2
	248,1
	255,30
	0,1
	5,253
	7,246
	12,241
	251,253
	0,253
	30,0
	0,2
	247,1
	242,17
	242,22
	19,22
	11,3
	0,1
	233,0
	0,254
	5,253
	233,234
	255,21
	2,3
	7,2
	0,1
	226,0
	1,254
	6,255
	1,197
	251,253
	253,0
	0,254
114: L
 57
	0,0
	229,1
	49,1
	0,18
	0,0
	229,2
	0,2
	6,1
	255,61
	251,3
	0,1
	26,0
	250,251
	1,197
	23,1
	3,10
	0,0
	229,67
115: M
 85
	0,0
	214,1
	0,3
	6,1
	2,59
	251,3
	253,0
	0,3
	21,0
	7,238
	9,229
	3,254
	12,34
	6,12
	1,1
	18,0
	251,251
	0,197
	5,252
	233,0
	0,2
	5,3
	0,51
	251,247
	249,232
	249,233
	250,2
	238,53
	255,1
	254,206
	5,253
	3,254
	236,255
	0,0
	35,4
	0,0
	13,67
116: N
 72
	0,0
	221,1
	0,3
	7,1
	255,61
	250,3
	0,1
	23,0
	29,207
	2,43
	251,6
	15,0
	251,251
	255,193
	251,0
	234,34
	246,16
	250,9
	254,201
	7,253
	238,255
	0,0
	242,4
	0,0
	221,67
	0,0
	13,67
117: O
 67
	0,0
	246,0
	242,10
	251,6
	252,17
	0,18
	10,15
	15,7
	16,254
	14,243
	4,238
	255,239
	249,244
	244,247
	242,254
	0,0
	249,2
	244,8
	255,47
	3,9
	14,4
	14,250
	2,209
	252,247
	242,251
120: P
 57
	0,0
	229,1
	0,3
	6,1
	255,61
	251,3
	0,1
	40,0
	9,247
	255,237
	246,247
	240,253
	254,232
	7,253
	230,255
	0,0
	0,4
	0,0
	251,35
	254,29
	1,2
	14,255
	3,250
	0,236
	244,253
	253,0
	0,0
	229,67
121: Q
 67
	0,0
	254,234
	248,11
	252,12
	241,15
	252,17
	0,18
	10,15
	15,7
	16,254
	14,243
	4,238
	255,239
	249,244
	244,247
	253,254
	1,246
	3,244
	248,0
	0,0
	249,2
	244,8
	255,47
	3,9
	14,4
	14,250
	2,209
	252,247
	242,251
122: R
 64
	0,0
	17,0
	248,8
	253,15
	249,10
	247,2
	253,245
	245,253
	254,241
	250,255
	27,254
	0,1
	250,3
	0,15
	0,1
	0,0
	19,0
	5,1
	0,3
	253,255
	252,10
	254,13
	250,7
	250,6
	1,2
	10,3
	3,11
	0,11
	247,4
	216,0
	1,254
	6,255
	1,213
	4,0
	0,0
	11,2
	0,0
	240,20
	2,0
	0,0
	224,22
	0,0
	246,39
	12,5
	5,6
	255,16
	240,1
	255,231
123: S
 50
	0,0
	245,0
	18,1
	4,4
	5,5
	1,13
	250,15
	243,6
	244,4
	251,13
	1,3
	12,6
	8,0
	11,244
	1,253
	2,15
	254,0
	253,254
	248,5
	239,0
	247,245
	0,239
	9,247
	18,248
	6,245
	254,247
	246,250
	244,5
	248,7
	255,5
	255,0
	0,239
	1,0
	2,3
	7,253
	5,253
	237,1
	1,1
	1,1
	248,1
	250,1
	10,1
	0,1
	0,1
	25,1
	17,1
	32,1
	22,1
	254,2
	254,2
	237,11
	243,8
	236,67
	242,46
	239,70
124: T
 75
	0,0
	236,1
	0,3
	9,1
	2,59
	245,6
	241,0
	2,253
	3,2
	12,254
	3,0
	0,0
	237,1
	33,1
	0,2
	247,1
	254,61
	19,255
	7,243
	1,2
	0,16
	207,0
	255,254
	0,0
	220,51
	0,15
	0,1
	0,0
	221,51
	7,15
	3,0
	0,0
	227,66
	0,0
	0,66
	1,0
	0,0
	255,67
	1,2
	20,255
	0,0
	224,69
125: U
 70
	0,0
	224,1
	0,0
	231,1
	0,0
	245,1
	16,0
	0,1
	5,6
	9,5
	1,53
	2,1
	5,2
	0,1
	238,0
	1,254
	4,252
	0,204
	0,0
	242,2
	247,6
	253,12
	255,46
	248,3
	0,1
	29,0
	248,251
	0,202
	8,248
	3,2
	11,0
	3,0
	5,3
	0,0
	243,2
	0,0
	248,2
	0,0
	0,2
	249,3
	0,0
	23,2
	0,0
	239,8
	254,2
	1,1
	1,0
	0,0
	240,8
	1,0
	0,0
	221,10
	2,0
	0,0
	227,10
	0,0
	0,10
	0,0
	22,10
	0,0
	243,11
	0,0
	221,67
126: V
 72
	0,0
	252,1
	5,1
	12,39
	3,11
	252,2
	0,0
	252,2
	246,27
	248,25
	252,12
	2,1
	0,3
	19,0
	248,251
	1,246
	10,222
	2,252
	4,3
	9,31
	0,0
	26,54
	0,0
	33,54
	0,0
	14,55
	3,11
	12,3
	0,1
	236,0
	7,253
	255,0
	0,0
	16,55
	4,9
	0,0
	17,55
	0,0
	227,66
	255,4
	3,0
	0,0
	229,66
	237,45
	239,66
	254,1
	1,2
	4,255
	254,255
	254,255
	221,67
	0,3
	2,0
	2,0
	223,67
	0,0
	0,67
	0,0
	22,67
	251,2
127: W
 92
	0,0
	237,1
	249,26
	243,37
	250,6
	59,0
	251,251
	255,247
	253,242
	6,234
	3,0
	16,47
	3,3
	6,0
	250,253
	0,251
	241,211
	250,241
	250,0
	249,20
	252,255
	250,237
	250,0
	0,0
	13,1
	0,0
	19,16
	0,0
	243,20
	249,22
	249,22
	250,2
	0,1
	21,0
	254,253
	8,229
	252,242
	255,254
	0,0
	0,54
	254,10
	0,2
	6,255
	254,246
	0,0
	242,64
	0,0
	27,66
	253,4
	11,0
	0,0
	211,67
	0,0
	23,67
	0,0
	27,67
	2,2
	0,0
	47,67
130: X
 72
	0,0
	221,1
	20,1
	0,2
	251,3
	9,13
	3,4
	6,0
	7,243
	2,253
	251,253
	0,253
	27,0
	0,2
	250,1
	244,18
	250,12
	2,9
	9,13
	6,9
	7,3
	0,1
	236,0
	1,254
	4,252
	244,235
	249,6
	248,15
	2,3
	3,2
	0,1
	229,0
	1,254
	9,252
	17,226
	248,242
	243,241
	250,0
	0,254
131: Y
 72
	0,0
	237,1
	29,1
	0,2
	249,1
	255,28
	5,8
	10,19
	5,6
	7,3
	0,1
	236,0
	1,254
	4,252
	244,232
	250,2
	246,22
	2,3
	4,2
	0,1
	229,0
	1,254
	9,252
	14,225
	0,229
	248,255
	0,254
132: Z
 57
	0,0
	229,1
	47,1
	0,18
	254,0
	252,244
	229,254
	255,2
	15,25
	15,24
	6,13
	208,0
	1,239
	7,13
	25,255
	245,236
	246,241
	248,243
	251,242
133: [
 23
	0,0
	248,254
	0,75
	12,0
	250,253
	0,186
	6,255
	245,255
134: \
 35
	0,0
	4,0
	4,1
	0,12
	235,60
	252,0
	0,242
	3,250
	6,239
	8,234
	4,244
135: ]
 26
	0,0
	249,254
	0,2
	7,1
	255,68
	250,3
	0,1
	12,0
	0,181
	246,0
	0,0
	249,70
136: ^
 57
	0,0
	229,1
	4,1
	18,37
	3,254
	18,221
	4,0
	254,11
	237,35
	250,0
	236,213
	0,254
137: _
 45
	0,0
	234,246
	0,4
	42,255
	0,253
	216,0
140: `
 20
	0,0
	255,44
	247,10
	1,13
	1,2
	9,1
	1,247
	253,254
	250,2
	255,0
	0,0
	255,45
	249,12
141: a
 42
	0,0
	240,1
	13,1
	3,3
	8,253
	6,0
	0,3
	254,3
	253,33
	250,3
	240,255
	250,247
	5,253
	2,5
	255,2
	1,1
	13,0
	255,242
	240,254
	252,250
	0,244
	2,254
	0,0
	246,5
	8,2
	3,6
	255,7
	248,0
	251,250
	1,250
142: b
 48
	0,0
	0,0
	11,2
	5,6
	1,21
	251,12
	244,3
	249,252
	255,30
	241,0
	2,254
	3,253
	255,197
	252,255
	21,253
	0,0
	254,5
	9,2
	1,28
	251,3
	251,255
	251,250
	1,234
	1,255
143: c
 41
	0,0
	251,1
	10,1
	6,8
	0,3
	0,1
	2,0
	0,0
	248,2
	0,0
	245,4
	0,0
	243,5
	252,9
	0,22
	5,5
	12,3
	11,249
	0,249
	251,3
	255,5
	247,1
	250,254
	255,233
	2,250
	11,254
	6,5
144: d
 48
	0,0
	245,0
	9,1
	2,1
	17,2
	251,3
	1,60
	4,2
	0,1
	242,0
	255,226
	253,255
	244,0
	255,223
	5,253
	9,4
	1,28
	255,1
	0,0
	240,1
	250,7
	255,21
	5,12
	12,3
	4,254
	0,0
	242,1
145: e
 42
	0,0
	248,1
	15,1
	7,9
	0,2
	248,249
	243,1
	250,12
	1,4
	25,1
	255,12
	253,5
	245,3
	244,251
	250,242
	0,243
	9,247
	6,250
	249,8
	251,6
	8,8
	6,6
	248,27
	15,2
	251,10
	246,0
	254,247
146: f
 38
	0,0
	237,1
	26,1
	0,2
	249,1
	255,30
	2,3
	6,1
	0,2
	249,1
	255,21
	2,3
	7,255
	253,255
	0,251
	6,1
	0,10
	241,0
	250,244
	255,241
	248,255
	1,253
	6,254
	1,227
	251,253
	253,0
	0,254
147: g
 48
	0,0
	243,236
	13,0
	1,2
	3,1
	6,8
	255,10
	250,3
	237,3
	255,1
	2,3
	17,5
	8,10
	255,12
	1,1
	7,0
	0,5
	248,255
	252,253
	254,2
	242,2
	247,246
	0,245
	5,250
	251,253
	0,247
	2,253
	252,253
	255,244
	8,250
	0,0
	242,240
	16,1
	5,6
	254,6
	235,1
	252,251
	2,250
	1,255
	0,0
	7,242
	0,0
	10,245
	0,0
	246,17
	10,2
	1,19
	245,1
	253,251
	1,242
150: h
 55
	0,0
	229,1
	21,1
	0,2
	251,1
	0,25
	6,6
	9,0
	255,225
	252,0
	1,253
	20,0
	0,2
	251,3
	253,34
	240,1
	249,251
	254,33
	242,0
	0,254
	4,252
	0,197
	252,0
	0,254
151: i
 27
	0,0
	243,1
	20,1
	0,2
	251,3
	254,35
	243,0
	5,251
	0,225
	251,255
	0,254
	0,0
	252,63
	4,1
	255,6
	252,0
	0,251
152: j
 26
	0,0
	245,234
	12,1
	4,15
	0,50
	241,0
	1,254
	6,253
	255,197
	252,3
	0,3
	251,0
	0,250
	0,0
	1,63
	4,1
	0,6
	250,0
	1,251
153: k
 52
	0,0
	230,1
	18,1
	0,2
	251,1
	1,15
	13,242
	255,252
	19,0
	0,2
	248,4
	241,17
	11,14
	7,3
	238,0
	5,253
	244,242
	254,41
	2,4
	241,0
	1,254
	1,194
	254,253
	0,1
	0,0
	246,67
154: l
 27
	0,0
	243,1
	0,3
	5,3
	0,59
	251,4
	13,0
	2,192
	5,252
	238,0
	0,0
	7,4
	0,0
	243,67
155: m
 79
	0,0
	217,1
	0,3
	5,4
	255,31
	252,5
	14,255
	1,250
	7,7
	15,255
	3,253
	6,2
	1,2
	17,255
	2,219
	5,252
	238,0
	0,2
	3,4
	0,30
	250,1
	248,248
	1,231
	4,252
	235,0
	0,2
	5,3
	0,31
	250,1
	245,245
	1,234
	3,252
	239,0
	0,0
	236,4
	0,0
	8,4
	0,0
	32,4
	0,0
	217,41
156: n
 55
	0,0
	229,1
	0,3
	4,3
	0,32
	252,5
	13,255
	2,252
	6,2
	3,3
	11,255
	5,252
	1,225
	6,250
	235,0
	0,2
	5,3
	255,29
	251,2
	251,254
	252,245
	0,237
	5,252
	236,0
	0,0
	251,4
	0,0
	20,4
	0,0
	229,41
	0,0
	251,42
157: o
 45
	0,0
	249,1
	243,10
	254,18
	7,10
	1,2
	12,3
	12,251
	4,250
	2,240
	249,245
	246,252
	252,0
	0,0
	248,5
	250,12
	0,16
	5,6
	13,0
	4,245
	0,240
	250,250
	247,0
160: p
 50
	0,0
	231,234
	0,2
	5,2
	0,59
	252,0
	0,3
	13,255
	2,253
	4,4
	12,255
	9,247
	1,237
	245,244
	245,1
	253,1
	254,234
	5,253
	238,254
	0,0
	252,237
	0,0
	255,5
	247,11
	1,17
	7,8
	9,254
	3,244
	255,241
	250,250
	253,0
	0,0
	10,41
161: q
 50
	0,0
	255,234
	0,2
	3,2
	0,23
	247,254
	247,1
	248,10
	0,19
	10,11
	12,255
	3,253
	3,4
	13,255
	251,253
	1,197
	3,255
	240,254
	0,0
	245,5
	250,12
	0,18
	3,4
	8,2
	8,246
	0,239
	247,248
	253,0
	0,0
	236,38
	0,0
	239,41
162: r
 41
	0,0
	236,1
	0,3
	5,1
	255,34
	252,2
	0,1
	14,0
	1,251
	7,0
	6,253
	5,1
	255,7
	250,3
	249,253
	0,254
	0,0
	237,1
	21,1
	0,2
	250,1
	1,28
	1,2
	0,0
	4,33
163: s
 35
	0,0
	251,0
	9,1
	1,1
	5,5
	255,15
	250,4
	242,3
	253,6
	0,3
	9,3
	10,249
	0,255
	0,0
	246,1
	12,3
	2,9
	251,3
	243,4
	253,6
	0,13
	2,2
	12,3
	8,254
	0,250
	0,0
	239,2
	5,3
	4,254
	0,0
	245,2
	0,0
	239,4
	0,12
	0,0
	243,7
	253,6
164: t
 38
	0,0
	251,0
	251,5
	255,34
	248,3
	0,2
	7,1
	3,10
	6,0
	3,247
	7,253
	248,252
	1,225
	4,251
	1,1
	6,4
	0,3
	0,0
	252,0
	11,1
	4,4
	0,0
	10,8
	0,0
	237,41
	0,0
	7,44
	0,0
	246,55
165: u
 55
	0,0
	245,0
	11,1
	1,1
	3,2
	1,1
	6,254
	9,1
	253,4
	0,36
	238,0
	1,254
	7,254
	255,227
	248,248
	248,1
	255,40
	240,0
	0,254
	7,254
	2,219
	6,255
166: v
 52
	0,0
	252,1
	6,1
	8,23
	7,14
	2,5
	242,0
	0,254
	6,253
	250,237
	251,247
	252,8
	249,19
	0,1
	6,3
	0,2
	235,0
	1,254
	7,251
	1,247
	11,231
167: w
 72
	0,0
	240,1
	4,1
	10,21
	9,236
	6,255
	4,11
	10,26
	2,5
	244,0
	0,254
	5,251
	248,234
	251,5
	247,21
	245,230
	250,20
	2,9
	236,0
	1,254
	6,250
	7,232
	4,247
170: x
 50
	0,0
	231,1
	16,1
	254,11
	254,0
	252,249
	249,255
	0,254
	0,0
	255,1
	18,1
	0,2
	251,3
	247,15
	253,3
	254,5
	251,6
	2,8
	236,0
	1,254
	6,253
	7,238
	2,249
	3,2
	6,251
	255,248
	0,0
	1,29
	9,10
	6,3
	0,2
	242,0
	0,249
	254,250
171: y
 50
	0,0
	236,239
	9,0
	2,2
	3,3
	13,31
	9,22
	1,3
	244,0
	0,254
	5,253
	248,234
	250,5
	250,16
	4,6
	237,0
	1,254
	7,244
	12,228
	250,241
	247,2
	253,0
	0,251
	0,0
	251,41
	0,0
	17,41
172: z
 42
	0,0
	236,1
	33,1
	255,11
	2,3
	0,254
	0,0
	236,2
	12,21
	8,15
	245,1
	251,248
	0,255
	0,0
	251,5
	13,2
	3,4
	0,0
	249,7
	11,20
	6,15
	0,2
	230,0
	1,246
	0,0
	8,8
	0,0
	13,16
173: {
 33
	0,0
	252,0
	11,0
	0,0
	251,1
	253,6
	0,18
	248,11
	8,14
	0,19
	3,4
	12,0
	0,0
	1,1
	1,0
	0,0
	255,2
	1,0
	0,0
	254,4
	253,6
	3,6
	0,10
	250,7
	0,9
	6,7
	0,11
	253,6
	3,4
	4,2
174: |
 38
	0,0
	251,0
	12,1
	4,6
	0,4
	0,0
	249,1
	253,6
	255,32
	248,3
	0,2
	7,1
	3,10
	6,0
	3,247
	7,253
	248,252
	1,225
	4,251
	1,1
	5,4
	0,0
	237,41
	0,0
	7,44
	0,0
	246,55
175: }
 30
	0,0
	242,0
	12,1
	3,6
	255,18
	8,11
	248,14
	1,19
	251,4
	246,0
	0,0
	246,1
	8,6
	254,6
	255,11
	6,9
	255,9
	251,7
	0,11
	3,6
	248,6
176: ~
 41
	0,0
	236,14
	0,13
	5,6
	9,0
	10,247
	6,5
	1,4
	2,247
	251,247
	247,1
	246,8
	251,255
	253,248
	1,0
177:
 0
