0:
 0
1:
 0
2:
 0
3:
 0
4:
 0
5:
 0
6:
 0
7:
 0
10:
 0
11:
 0
12:
 0
13:
 0
14:
 0
15:
 0
16:
 0
17:
 0
20:
 0
21:
 0
22:
 0
23:
 0
24:
 0
25:
 0
26:
 0
27:
 0
30:
 0
31:
 0
32:
 0
33:
 72
	0,0
	228,84
	28,216
	228,212
	0,0
	228,84
	56,0
	0,0
	228,0
	56,0
34:
 72
	0,0
	0,84
	224,172
	0,0
	0,84
	32,172
	0,0
	224,0
	64,0
35:
 80
	0,0
	0,84
	0,172
	0,0
	248,64
	244,252
	252,252
	252,248
	0,244
	4,248
	4,252
	12,252
	16,0
	12,4
	4,4
	4,8
	0,12
	252,8
	252,4
	244,4
	240,0
36:
 0
37:
 88
	0,0
	0,84
	0,172
	0,0
	220,60
	4,0
	4,252
	4,240
	4,248
	4,252
	12,252
	8,0
	12,4
	4,4
	4,8
	4,16
	4,4
	4,0
40:  
 0
41: !
 40
	0,0
	0,84
	252,248
	4,208
	4,48
	252,8
	0,0
	0,76
	0,232
	0,0
	0,8
	252,252
	4,252
	4,4
	252,4
42: "
 64
	0,0
	240,84
	252,228
	0,0
	244,84
	248,228
	0,0
	16,84
	252,228
	0,0
	20,84
	248,228
43: #
 84
	0,0
	4,84
	228,144
	0,0
	28,84
	228,144
	0,0
	232,40
	56,0
	0,0
	228,16
	56,0
44: $
 80
	0,0
	248,100
	0,140
	0,0
	8,100
	0,140
	0,0
	24,72
	252,252
	4,252
	4,4
	0,4
	248,8
	244,4
	240,0
	244,252
	248,248
	0,248
	4,248
	4,252
	8,252
	24,248
	8,252
	8,248
	0,0
	228,64
	8,248
	8,252
	24,248
	8,252
	4,252
	4,248
	0,240
	248,248
	244,252
	240,0
	244,4
	248,8
	0,4
	4,4
	4,252
	252,252
45: %
 96
	0,0
	36,84
	184,172
	0,0
	240,84
	8,248
	0,248
	252,248
	248,252
	248,0
	248,8
	0,8
	4,8
	8,4
	8,0
	8,252
	12,252
	12,0
	12,4
	8,4
	0,0
	20,28
	248,252
	252,248
	0,248
	8,248
	8,0
	8,4
	4,8
	0,8
	248,8
	248,0
46: &
 100
	0,0
	36,52
	252,252
	4,252
	4,4
	0,4
	252,4
	252,0
	252,252
	252,248
	248,236
	248,244
	248,248
	248,252
	244,0
	244,4
	252,8
	0,12
	4,8
	24,16
	8,8
	4,8
	0,8
	252,8
	248,4
	248,252
	252,248
	0,248
	4,244
	8,244
	20,228
	8,248
	12,252
	4,0
	4,4
	0,4
	0,0
	236,0
	248,4
	252,8
	0,12
	4,8
	8,8
	0,0
	236,64
	4,248
	32,212
	8,248
	8,252
47: '
 40
	0,0
	0,76
	252,4
	4,4
	4,252
	0,248
	252,248
	252,252
50: (
 56
	0,0
	16,100
	248,248
	248,244
	248,240
	252,236
	0,240
	4,236
	8,240
	8,244
	8,248
	0,0
	8,92
	248,240
	252,244
	252,236
	0,240
	4,236
	4,244
	8,240
51: )
 56
	0,0
	240,100
	8,248
	8,244
	8,240
	4,236
	0,240
	252,236
	248,240
	248,244
	248,248
	0,0
	248,92
	8,240
	4,244
	4,236
	0,240
	252,236
	252,244
	248,240
52: *
 64
	0,0
	0,84
	0,208
	0,0
	236,72
	40,232
	0,0
	20,72
	216,232
53: +
 104
	0,0
	0,72
	0,184
	0,0
	220,36
	72,0
54: ,
 40
	0,0
	0,0
	252,4
	4,4
	4,252
	0,248
	252,248
	252,252
55: -
 104
	0,0
	220,36
	72,0
56: .
 40
	0,0
	0,8
	252,252
	4,252
	4,4
	252,4
57: /
 88
	0,0
	36,100
	184,128
60: 0
 80
	0,0
	252,84
	244,252
	248,244
	252,236
	0,244
	4,236
	8,244
	12,252
	8,0
	12,4
	8,12
	4,20
	0,12
	252,20
	248,12
	244,4
	248,0
	0,0
	252,84
	248,252
	252,252
	252,248
	252,236
	0,244
	4,236
	4,248
	4,252
	8,252
	0,0
	4,0
	8,4
	4,4
	4,8
	4,20
	0,12
	252,20
	252,8
	252,4
	248,4
61: 1
 80
	0,0
	240,68
	8,4
	12,12
	0,172
	0,0
	0,80
	0,176
	0,0
	240,0
	36,0
62: 2
 80
	0,0
	232,68
	4,252
	252,252
	252,4
	0,4
	4,8
	4,4
	12,4
	16,0
	12,252
	4,252
	4,248
	0,248
	252,248
	244,248
	236,248
	248,252
	248,248
	252,244
	0,244
	0,0
	8,84
	8,252
	4,252
	4,248
	0,248
	252,248
	244,248
	240,248
	0,0
	228,8
	4,4
	8,0
	20,248
	12,0
	8,4
	4,4
	0,0
	240,12
	20,244
	16,0
	4,4
	4,8
	0,8
63: 3
 80
	0,0
	232,68
	4,252
	252,252
	252,4
	0,4
	4,8
	4,4
	12,4
	16,0
	12,252
	4,248
	0,244
	252,248
	244,252
	244,0
	0,0
	8,84
	8,252
	4,248
	0,244
	252,248
	248,252
	0,0
	8,48
	8,252
	8,248
	4,248
	0,244
	252,248
	252,252
	244,252
	240,0
	244,4
	252,4
	252,8
	0,4
	4,4
	4,252
	252,252
	0,0
	20,40
	4,244
	0,244
	252,248
	252,252
	248,252
64: 4
 80
	0,0
	8,76
	0,180
	0,0
	12,84
	0,172
	0,0
	12,84
	212,196
	64,0
	0,0
	252,0
	28,0
65: 5
 80
	0,0
	236,84
	248,216
	0,0
	228,44
	8,8
	12,4
	12,0
	12,252
	8,248
	4,244
	0,248
	252,244
	248,248
	244,252
	244,0
	244,4
	252,4
	252,8
	0,4
	4,4
	4,252
	252,252
	0,0
	4,56
	8,252
	8,248
	4,244
	0,248
	252,244
	248,248
	248,252
	0,0
	236,84
	40,0
	0,0
	236,80
	20,0
	20,4
66: 6
 80
	0,0
	20,72
	252,252
	4,252
	4,4
	0,4
	252,8
	248,4
	244,0
	244,252
	248,248
	252,248
	252,240
	0,232
	4,244
	8,248
	12,252
	8,0
	12,4
	8,8
	4,12
	0,4
	252,12
	248,8
	244,4
	252,0
	244,252
	248,248
	252,244
	0,0
	0,84
	248,252
	248,248
	252,248
	252,240
	0,232
	4,244
	8,248
	8,252
	0,0
	4,0
	8,4
	8,8
	4,12
	0,4
	252,12
	248,8
	248,4
67: 7
 80
	0,0
	228,84
	0,232
	0,0
	228,68
	4,8
	8,8
	8,0
	20,244
	8,0
	4,4
	4,8
	0,0
	232,76
	8,4
	8,0
	20,248
	0,0
	28,84
	0,244
	252,244
	240,236
	252,248
	252,244
	0,236
	0,0
	24,60
	236,236
	252,248
	252,244
	0,236
70: 8
 80
	0,0
	248,84
	244,252
	252,248
	0,244
	4,248
	12,252
	16,0
	12,4
	4,8
	0,12
	252,8
	244,4
	240,0
	0,0
	248,84
	248,252
	252,248
	0,244
	4,248
	8,252
	0,0
	8,48
	8,4
	4,8
	0,12
	252,8
	248,4
	0,0
	248,48
	244,252
	252,252
	252,248
	0,240
	4,248
	4,252
	12,252
	16,0
	12,4
	4,4
	4,8
	0,16
	252,8
	252,4
	244,4
	0,0
	248,48
	248,252
	252,252
	252,248
	0,240
	4,248
	4,252
	8,252
	0,0
	8,0
	8,4
	4,4
	4,8
	0,16
	252,8
	252,4
	248,4
71: 9
 80
	0,0
	24,56
	252,244
	248,248
	244,252
	252,0
	244,4
	248,8
	252,12
	0,4
	4,12
	8,8
	12,4
	8,0
	12,252
	8,248
	4,244
	0,232
	252,240
	252,248
	248,248
	244,252
	244,0
	248,4
	252,8
	0,4
	4,4
	4,252
	252,252
	0,0
	252,32
	248,4
	248,8
	252,12
	0,4
	4,12
	8,8
	8,4
	0,0
	4,84
	8,252
	8,248
	4,244
	0,232
	252,240
	252,248
	248,248
	248,252
72: :
 40
	0,0
	0,56
	252,252
	4,252
	4,4
	252,4
	0,0
	0,8
	252,252
	4,252
	4,4
	252,4
73: ;
 40
	0,0
	0,56
	252,252
	4,252
	4,4
	252,4
	0,0
	0,0
	252,4
	4,4
	4,252
	0,248
	252,248
	252,252
74: <
 96
	0,0
	32,72
	192,220
	64,220
75: =
 104
	0,0
	220,48
	72,0
	0,0
	220,24
	72,0
76: >
 96
	0,0
	224,72
	64,220
	192,220
77: ?
 72
	0,0
	236,68
	4,252
	252,252
	252,4
	0,4
	4,8
	4,4
	8,4
	12,0
	12,252
	4,252
	4,248
	0,248
	252,248
	252,252
	240,248
	0,244
	0,0
	4,84
	8,252
	4,252
	4,248
	0,248
	252,248
	248,248
	0,0
	0,8
	252,252
	4,252
	4,4
	252,4
100: @
 108
	0,0
	20,52
	252,8
	248,4
	244,0
	248,252
	252,252
	252,244
	0,244
	4,248
	8,252
	12,0
	8,4
	4,8
	0,0
	252,64
	248,248
	252,244
	0,244
	4,248
	4,252
	0,0
	20,64
	252,224
	0,248
	8,252
	8,0
	8,8
	4,12
	0,8
	252,12
	252,8
	248,8
	248,4
	244,4
	244,0
	244,252
	248,252
	248,248
	252,248
	252,244
	0,244
	4,244
	4,248
	8,248
	8,252
	12,252
	12,0
	12,4
	8,4
	4,4
	0,0
	24,64
	252,224
	0,248
	4,252
101: A
 80
	0,0
	0,84
	228,172
	0,0
	0,84
	28,172
	0,0
	0,72
	24,184
	0,0
	236,24
	36,0
	0,0
	220,0
	24,0
	0,0
	12,0
	24,0
102: B
 88
	0,0
	232,84
	0,172
	0,0
	236,84
	0,172
	0,0
	220,84
	48,0
	12,252
	4,252
	4,248
	0,248
	252,248
	252,252
	244,252
	0,0
	12,84
	8,252
	4,252
	4,248
	0,248
	252,248
	252,252
	248,252
	0,0
	236,44
	32,0
	12,252
	4,252
	4,248
	0,244
	252,248
	252,252
	244,252
	208,0
	0,0
	12,44
	8,252
	4,252
	4,248
	0,244
	252,248
	252,252
	248,252
103: C
 84
	0,0
	24,72
	4,244
	0,24
	252,244
	248,8
	244,4
	248,0
	244,252
	248,248
	252,248
	252,244
	0,236
	4,244
	4,248
	8,248
	12,252
	8,0
	12,4
	8,8
	4,8
	0,0
	252,84
	248,252
	248,248
	252,248
	252,244
	0,236
	4,244
	4,248
	8,248
	8,252
104: D
 88
	0,0
	232,84
	0,172
	0,0
	236,84
	0,172
	0,0
	220,84
	40,0
	12,252
	8,248
	4,248
	4,244
	0,236
	252,244
	252,248
	248,248
	244,252
	216,0
	0,0
	4,84
	8,252
	8,248
	4,248
	4,244
	0,236
	252,244
	252,248
	248,248
	248,252
105: E
 84
	0,0
	232,84
	0,172
	0,0
	236,84
	0,172
	0,0
	4,60
	0,224
	0,0
	220,84
	64,0
	0,232
	252,24
	0,0
	236,44
	24,0
	0,0
	220,0
	64,0
	0,24
	252,232
106: F
 80
	0,0
	232,84
	0,172
	0,0
	236,84
	0,172
	0,0
	4,60
	0,224
	0,0
	220,84
	64,0
	0,232
	252,24
	0,0
	236,44
	24,0
	0,0
	220,0
	28,0
107: G
 92
	0,0
	24,72
	4,244
	0,24
	252,244
	248,8
	244,4
	248,0
	244,252
	248,248
	252,248
	252,244
	0,236
	4,244
	4,248
	8,248
	12,252
	8,0
	12,4
	8,8
	0,0
	252,84
	248,252
	248,248
	252,248
	252,244
	0,236
	4,244
	4,248
	8,248
	8,252
	0,0
	24,32
	0,224
	0,0
	28,32
	0,224
	0,0
	12,32
	28,0
110: H
 96
	0,0
	228,84
	0,172
	0,0
	232,84
	0,172
	0,0
	24,84
	0,172
	0,0
	28,84
	0,172
	0,0
	216,84
	28,0
	0,0
	12,84
	28,0
	0,0
	232,44
	48,0
	0,0
	216,0
	28,0
	0,0
	12,0
	28,0
111: I
 44
	0,0
	0,84
	0,172
	0,0
	4,84
	0,172
	0,0
	244,84
	28,0
	0,0
	244,0
	28,0
112: J
 60
	0,0
	12,84
	0,188
	252,244
	248,252
	248,0
	248,4
	252,8
	0,8
	4,4
	4,252
	252,252
	0,0
	8,84
	0,188
	252,244
	252,252
	0,0
	252,84
	28,0
113: K
 88
	0,0
	228,84
	0,172
	0,0
	232,84
	0,172
	0,0
	28,84
	204,204
	0,0
	252,48
	32,208
	0,0
	248,48
	32,208
	0,0
	216,84
	28,0
	0,0
	12,84
	24,0
	0,0
	216,0
	28,0
	0,0
	12,0
	24,0
114: L
 72
	0,0
	240,84
	0,172
	0,0
	244,84
	0,172
	0,0
	228,84
	28,0
	0,0
	228,0
	60,0
	0,24
	252,232
115: M
 100
	0,0
	228,84
	0,172
	0,0
	232,84
	24,184
	0,0
	228,84
	28,172
	0,0
	28,84
	228,172
	0,0
	28,84
	0,172
	0,0
	32,84
	0,172
	0,0
	216,84
	16,0
	0,0
	28,84
	16,0
	0,0
	216,0
	24,0
	0,0
	16,0
	28,0
116: N
 92
	0,0
	232,84
	0,172
	0,0
	236,84
	48,180
	0,0
	236,76
	48,180
	0,0
	28,84
	0,172
	0,0
	220,84
	16,0
	0,0
	16,84
	24,0
	0,0
	220,0
	24,0
117: O
 88
	0,0
	252,84
	244,252
	248,248
	252,248
	252,240
	0,244
	4,240
	4,248
	8,248
	12,252
	8,0
	12,4
	8,8
	4,8
	4,16
	0,12
	252,16
	252,8
	248,8
	244,4
	248,0
	0,0
	252,84
	248,252
	248,248
	252,248
	252,240
	0,244
	4,240
	4,248
	8,248
	8,252
	0,0
	4,0
	8,4
	8,8
	4,8
	4,16
	0,12
	252,16
	252,8
	248,8
	248,4
120: P
 88
	0,0
	232,84
	0,172
	0,0
	236,84
	0,172
	0,0
	220,84
	48,0
	12,252
	4,252
	4,248
	0,244
	252,248
	252,252
	244,252
	224,0
	0,0
	12,84
	8,252
	4,252
	4,248
	0,244
	252,248
	252,252
	248,252
	0,0
	220,0
	28,0
121: Q
 88
	0,0
	252,84
	244,252
	248,248
	252,248
	252,240
	0,244
	4,240
	4,248
	8,248
	12,252
	8,0
	12,4
	8,8
	4,8
	4,16
	0,12
	252,16
	252,8
	248,8
	244,4
	248,0
	0,0
	252,84
	248,252
	248,248
	252,248
	252,240
	0,244
	4,240
	4,248
	8,248
	8,252
	0,0
	4,0
	8,4
	8,8
	4,8
	4,16
	0,12
	252,16
	252,8
	248,8
	248,4
	0,0
	240,8
	0,4
	4,8
	8,4
	4,0
	8,252
	4,248
	4,228
	4,252
	8,0
	4,8
	0,4
	0,0
	12,12
	4,240
	4,248
	4,252
	4,0
	4,4
122: R
 88
	0,0
	232,84
	0,172
	0,0
	236,84
	0,172
	0,0
	220,84
	48,0
	12,252
	4,252
	4,248
	0,248
	252,248
	252,252
	244,252
	224,0
	0,0
	12,84
	8,252
	4,252
	4,248
	0,248
	252,248
	252,252
	248,252
	0,0
	220,0
	28,0
	0,0
	0,44
	8,252
	4,252
	12,228
	4,252
	4,0
	4,4
	0,0
	8,40
	4,248
	8,228
	4,252
	8,0
	4,8
	0,4
123: S
 80
	0,0
	24,72
	4,12
	0,232
	252,12
	248,8
	244,4
	244,0
	244,252
	248,248
	0,248
	4,248
	4,252
	8,252
	24,248
	8,252
	8,248
	0,0
	228,64
	8,248
	8,252
	24,248
	8,252
	4,252
	4,248
	0,240
	248,248
	244,252
	244,0
	244,4
	248,8
	252,12
	0,232
	4,12
124: T
 76
	0,0
	0,84
	0,172
	0,0
	4,84
	0,172
	0,0
	232,84
	252,232
	0,24
	60,0
	0,232
	252,24
	0,0
	244,0
	28,0
125: U
 96
	0,0
	228,84
	0,196
	4,244
	8,248
	12,252
	8,0
	12,4
	8,8
	4,12
	0,60
	0,0
	232,84
	0,196
	4,244
	8,248
	8,252
	0,0
	216,84
	28,0
	0,0
	16,84
	24,0
126: V
 80
	0,0
	228,84
	28,172
	0,0
	232,84
	24,184
	0,0
	28,84
	228,172
	0,0
	220,84
	24,0
	0,0
	12,84
	24,0
127: W
 96
	0,0
	224,84
	16,172
	0,0
	228,84
	12,192
	0,0
	0,84
	240,172
	0,0
	0,84
	16,172
	0,0
	4,84
	12,192
	0,0
	32,84
	240,172
	0,0
	212,84
	28,0
	0,0
	20,84
	24,0
130: X
 80
	0,0
	228,84
	52,172
	0,0
	232,84
	52,172
	0,0
	28,84
	200,172
	0,0
	220,84
	24,0
	0,0
	12,84
	24,0
	0,0
	220,0
	24,0
	0,0
	12,0
	24,0
131: Y
 84
	0,0
	228,84
	28,212
	0,216
	0,0
	232,84
	28,212
	0,216
	0,0
	32,84
	228,212
	0,0
	220,84
	24,0
	0,0
	16,84
	24,0
	0,0
	244,0
	28,0
132: Z
 80
	0,0
	24,84
	204,172
	0,0
	28,84
	204,172
	0,0
	232,84
	252,232
	0,24
	56,0
	0,0
	228,0
	56,0
	0,24
	252,232
133: [
 56
	0,0
	244,100
	0,128
	0,0
	248,100
	0,128
	0,0
	244,100
	28,0
	0,0
	244,228
	28,0
134: \
 88
	0,0
	220,100
	72,128
135: ]
 56
	0,0
	8,100
	0,128
	0,0
	12,100
	0,128
	0,0
	240,100
	28,0
	0,0
	240,228
	28,0
136: ^
 88
	0,0
	224,28
	32,20
	32,236
	0,0
	224,28
	32,16
	32,240
137: _
 96
	0,0
	224,0
	64,0
140: `
 40
	0,0
	4,84
	252,252
	252,248
	0,248
	4,252
	4,4
	252,4
141: a
 80
	0,0
	240,48
	0,252
	252,0
	0,4
	4,4
	8,4
	16,0
	8,252
	4,252
	4,248
	0,228
	4,248
	4,252
	0,0
	20,48
	0,220
	4,248
	8,252
	4,0
	0,0
	20,40
	252,252
	232,252
	244,252
	252,248
	0,248
	4,248
	12,252
	12,0
	8,4
	8,8
	0,0
	248,32
	248,252
	252,248
	0,248
	4,248
	8,252
142: b
 84
	0,0
	232,84
	0,172
	0,0
	236,84
	0,172
	0,0
	236,44
	8,8
	8,4
	8,0
	12,252
	8,248
	4,244
	0,248
	252,244
	248,248
	244,252
	248,0
	248,4
	248,8
	0,0
	4,56
	8,252
	8,248
	4,244
	0,248
	252,244
	248,248
	248,252
	0,0
	220,84
	16,0
143: c
 76
	0,0
	20,44
	252,252
	4,252
	4,4
	0,4
	248,8
	248,4
	244,0
	244,252
	248,248
	252,244
	0,248
	4,244
	8,248
	12,252
	8,0
	12,4
	8,8
	0,0
	252,56
	248,252
	248,248
	252,244
	0,248
	4,244
	8,248
	8,252
144: d
 84
	0,0
	20,84
	0,172
	0,0
	24,84
	0,172
	0,0
	20,44
	248,8
	248,4
	248,0
	244,252
	248,248
	252,244
	0,248
	4,244
	8,248
	12,252
	8,0
	8,4
	8,8
	0,0
	252,56
	248,252
	248,248
	252,244
	0,248
	4,244
	8,248
	8,252
	0,0
	8,84
	16,0
	0,0
	20,0
	16,0
145: e
 76
	0,0
	232,32
	48,0
	0,8
	252,8
	252,4
	248,4
	244,0
	244,252
	248,248
	252,244
	0,248
	4,244
	8,248
	12,252
	8,0
	12,4
	8,8
	0,0
	20,32
	0,12
	252,8
	0,0
	252,56
	248,252
	248,248
	252,244
	0,248
	4,244
	8,248
	8,252
146: f
 52
	0,0
	12,80
	252,252
	4,252
	4,4
	0,4
	252,4
	248,0
	248,252
	252,248
	0,184
	0,0
	4,84
	252,252
	252,248
	0,184
	0,0
	236,56
	32,0
	0,0
	236,0
	28,0
147: g
 76
	0,0
	252,56
	248,252
	252,252
	252,248
	0,248
	4,248
	4,252
	8,252
	8,0
	8,4
	4,4
	4,8
	0,8
	252,8
	252,4
	248,4
	248,0
	0,0
	244,52
	252,248
	0,240
	4,248
	0,0
	12,20
	4,8
	0,16
	252,8
	0,0
	16,48
	4,4
	8,4
	0,252
	248,0
	0,0
	240,24
	252,252
	252,248
	0,252
	4,248
	12,252
	20,0
	12,252
	4,252
	0,0
	232,8
	4,252
	12,252
	20,0
	12,252
	4,248
	0,252
	252,248
	244,252
	232,0
	244,4
	252,8
	0,4
	4,8
	12,4
150: h
 88
	0,0
	232,84
	0,172
	0,0
	236,84
	0,172
	0,0
	236,44
	8,8
	12,4
	8,0
	12,252
	4,248
	0,212
	0,0
	8,56
	8,252
	4,248
	0,212
	0,0
	220,84
	16,0
	0,0
	220,0
	28,0
	0,0
	8,0
	28,0
151: i
 44
	0,0
	0,84
	252,252
	4,252
	4,4
	252,4
	0,0
	0,56
	0,200
	0,0
	4,56
	0,200
	0,0
	244,56
	16,0
	0,0
	244,0
	28,0
152: j
 44
	0,0
	4,84
	252,252
	4,252
	4,4
	252,4
	0,0
	8,56
	0,184
	252,248
	248,252
	248,0
	252,4
	0,4
	4,4
	4,252
	252,252
	0,0
	4,56
	0,184
	252,248
	252,252
	0,0
	248,56
	16,0
153: k
 84
	0,0
	232,84
	0,172
	0,0
	236,84
	0,172
	0,0
	20,56
	216,216
	0,0
	0,32
	24,224
	0,0
	252,32
	24,224
	0,0
	220,84
	16,0
	0,0
	8,56
	24,0
	0,0
	220,0
	28,0
	0,0
	8,0
	24,0
154: l
 44
	0,0
	0,84
	0,172
	0,0
	4,84
	0,172
	0,0
	244,84
	16,0
	0,0
	244,0
	28,0
155: m
 132
	0,0
	212,56
	0,200
	0,0
	216,56
	0,200
	0,0
	216,44
	8,8
	12,4
	8,0
	12,252
	4,248
	0,212
	0,0
	244,56
	8,252
	4,248
	0,212
	0,0
	4,44
	8,8
	12,4
	8,0
	12,252
	4,248
	0,212
	0,0
	32,56
	8,252
	4,248
	0,212
	0,0
	200,56
	16,0
	0,0
	200,0
	28,0
	0,0
	244,0
	28,0
	0,0
	32,0
	28,0
156: n
 88
	0,0
	232,56
	0,200
	0,0
	236,56
	0,200
	0,0
	236,44
	8,8
	12,4
	8,0
	12,252
	4,248
	0,212
	0,0
	8,56
	8,252
	4,248
	0,212
	0,0
	220,56
	16,0
	0,0
	220,0
	28,0
	0,0
	8,0
	28,0
157: o
 80
	0,0
	252,56
	244,252
	248,248
	252,244
	0,248
	4,244
	8,248
	12,252
	8,0
	12,4
	8,8
	4,12
	0,8
	252,12
	248,8
	244,4
	248,0
	0,0
	252,56
	248,252
	248,248
	252,244
	0,248
	4,244
	8,248
	8,252
	0,0
	4,0
	8,4
	8,8
	4,12
	0,8
	252,12
	248,8
	248,4
160: p
 84
	0,0
	232,56
	0,172
	0,0
	236,56
	0,172
	0,0
	236,44
	8,8
	8,4
	8,0
	12,252
	8,248
	4,244
	0,248
	252,244
	248,248
	244,252
	248,0
	248,4
	248,8
	0,0
	4,56
	8,252
	8,248
	4,244
	0,248
	252,244
	248,248
	248,252
	0,0
	220,56
	16,0
	0,0
	220,228
	28,0
161: q
 80
	0,0
	20,56
	0,172
	0,0
	24,56
	0,172
	0,0
	20,44
	248,8
	248,4
	248,0
	244,252
	248,248
	252,244
	0,248
	4,244
	8,248
	12,252
	8,0
	8,4
	8,8
	0,0
	252,56
	248,252
	248,248
	252,244
	0,248
	4,244
	8,248
	8,252
	0,0
	8,228
	28,0
162: r
 68
	0,0
	240,56
	0,200
	0,0
	244,56
	0,200
	0,0
	244,32
	4,12
	8,8
	8,4
	12,0
	4,252
	0,252
	252,252
	252,4
	4,4
	0,0
	228,56
	16,0
	0,0
	228,0
	28,0
163: s
 68
	0,0
	20,48
	4,8
	0,240
	252,8
	252,4
	248,4
	240,0
	248,252
	252,252
	0,248
	4,252
	8,252
	20,248
	8,252
	4,252
	0,0
	236,44
	4,252
	8,252
	20,248
	8,252
	4,252
	0,244
	252,252
	248,252
	240,0
	248,4
	252,4
	252,8
	0,240
	4,8
164: t
 60
	0,0
	248,84
	0,188
	4,244
	8,252
	8,0
	8,4
	4,8
	0,0
	252,84
	0,188
	4,244
	4,252
	0,0
	236,56
	32,0
165: u
 88
	0,0
	232,56
	0,212
	4,248
	12,252
	8,0
	12,4
	8,8
	0,0
	236,56
	0,212
	4,248
	8,252
	0,0
	20,56
	0,200
	0,0
	24,56
	0,200
	0,0
	220,56
	16,0
	0,0
	8,56
	16,0
	0,0
	20,0
	16,0
166: v
 72
	0,0
	232,56
	24,200
	0,0
	236,56
	20,208
	0,0
	24,56
	232,200
	0,0
	224,56
	24,0
	0,0
	8,56
	24,0
167: w
 96
	0,0
	224,56
	16,200
	0,0
	228,56
	12,212
	0,0
	0,56
	240,200
	0,0
	0,56
	16,200
	0,0
	4,56
	12,212
	0,0
	32,56
	240,200
	0,0
	212,56
	28,0
	0,0
	20,56
	24,0
170: x
 80
	0,0
	232,56
	44,200
	0,0
	236,56
	44,200
	0,0
	24,56
	208,200
	0,0
	224,56
	24,0
	0,0
	8,56
	24,0
	0,0
	224,0
	24,0
	0,0
	8,0
	24,0
171: y
 76
	0,0
	232,56
	24,200
	0,0
	236,56
	20,208
	0,0
	24,56
	232,200
	248,240
	248,248
	248,252
	252,0
	252,4
	4,4
	4,252
	0,0
	224,56
	24,0
	0,0
	8,56
	24,0
172: z
 72
	0,0
	20,56
	212,200
	0,0
	24,56
	212,200
	0,0
	236,56
	252,240
	0,16
	48,0
	0,0
	232,0
	48,0
	0,16
	252,240
173: {
 56
	0,0
	8,100
	248,252
	252,252
	252,248
	0,248
	4,248
	4,252
	4,248
	0,248
	248,248
	0,0
	0,96
	252,248
	0,248
	4,248
	4,252
	4,248
	0,248
	252,248
	240,248
	16,248
	4,248
	0,248
	252,248
	252,252
	252,248
	0,248
	4,248
	0,0
	252,32
	8,248
	0,248
	252,248
	252,252
	252,248
	0,248
	4,248
	4,252
	8,252
174: |
 32
	0,0
	0,100
	0,128
175: }
 56
	0,0
	248,100
	8,252
	4,252
	4,248
	0,248
	252,248
	252,252
	252,248
	0,248
	8,248
	0,0
	0,96
	4,248
	0,248
	252,248
	252,252
	252,248
	0,248
	4,248
	16,248
	240,248
	252,248
	0,248
	4,248
	4,252
	4,248
	0,248
	252,248
	0,0
	4,32
	248,248
	0,248
	4,248
	4,252
	4,248
	0,248
	252,248
	252,252
	248,252
176: ~
 96
	0,0
	220,24
	0,8
	4,12
	8,4
	8,0
	8,252
	16,244
	8,252
	8,0
	8,4
	4,8
	0,0
	220,32
	4,8
	8,4
	8,0
	8,252
	16,244
	8,252
	8,0
	8,4
	4,12
	0,8
177:
 80
	0,0
	228,0
	16,0
	244,28
	252,16
	0,16
	4,12
	8,8
	12,4
	8,0
	12,252
	8,248
	4,244
	0,240
	252,240
	244,228
	16,0
