0:
 50
	0,0
	231,20
	1,7
	1,4
	3,4
	12,13
	3,6
	0,3
	255,2
	255,3
	254,4
	245,14
	255,2
	255,1
	255,2
	255,4
	0,3
	50,0
	255,249
	255,252
	253,252
	244,243
	253,250
	0,253
	1,254
	1,253
	2,252
	11,242
	1,254
	1,255
	1,254
	1,252
	0,253
	206,0
1:
 84
	0,0
	252,56
	248,252
	248,248
	252,248
	252,244
	0,244
	4,248
	8,252
	8,0
	8,4
	12,12
	8,12
	8,16
	4,12
	0,0
	252,56
	8,0
	4,252
	4,248
	8,224
	4,248
	4,252
	4,0
2:
 76
	0,0
	12,84
	248,252
	248,248
	248,240
	252,244
	252,240
	252,232
	252,224
	0,0
	12,84
	8,0
	8,248
	0,244
	252,248
	252,252
	248,252
	244,0
	0,0
	0,48
	8,252
	8,248
	4,248
	0,244
	252,248
	252,252
	248,252
	248,0
	248,4
	252,4
	252,12
3:
 64
	0,0
	8,84
	248,252
	252,252
	0,252
	4,252
	12,252
	12,0
	0,0
	12,64
	244,252
	248,252
	252,248
	0,248
	8,248
	12,252
	8,0
	0,0
	8,28
	240,252
	248,252
	252,248
	0,248
	8,248
	16,248
	4,252
	0,248
	248,252
	248,0
4:
 72
	0,0
	8,56
	244,0
	248,252
	248,248
	252,244
	0,244
	4,244
	4,252
	8,252
	8,0
	8,4
	8,8
	4,12
	0,12
	252,12
	248,8
	248,8
	252,8
	0,8
	4,4
	8,0
	8,252
	8,248
5:
 64
	0,0
	20,48
	252,4
	248,4
	244,0
	248,252
	0,248
	4,248
	12,252
	0,0
	4,32
	240,252
	248,248
	0,248
	4,248
	8,252
	12,0
	8,4
	8,8
6:
 88
	0,0
	244,52
	248,252
	248,248
	252,244
	0,244
	4,248
	4,252
	8,252
	12,0
	12,4
	12,8
	8,12
	4,12
	0,12
	248,8
	248,0
	248,248
	248,240
	248,236
	244,216
7:
 76
	0,0
	224,44
	8,8
	8,4
	4,0
	8,252
	4,252
	4,244
	0,240
	252,236
	0,0
	32,56
	252,244
	252,248
	232,220
	248,240
	252,244
10:
 75
	0,0
	219,20
	75,0
	218,75
	219,181
11:
 50
	0,0
	0,0
	25,57
	231,38
	232,218
	24,219
12:
 75
	0,0
	37,57
	0,4
	254,7
	254,6
	255,1
	254,3
	251,6
	0,1
	250,4
	253,2
	249,2
	242,1
	243,251
	255,255
	250,251
	254,254
	255,0
	254,253
	254,253
	255,254
	254,249
	255,248
	0,250
	1,254
	0,254
	2,252
	3,250
	4,250
	6,252
	0,255
	3,254
	2,255
	7,254
	8,255
	6,0
	2,1
	2,0
	4,2
	6,3
	6,4
	4,6
	1,0
	2,3
	1,2
	2,7
	1,8
	0,6
13:
 72
	0,0
	244,56
	240,200
	0,0
	28,52
	252,4
	252,0
	248,252
	240,240
	248,252
	252,0
	0,0
	240,32
	8,252
	4,252
	8,236
	4,252
	4,0
	4,4
14:
 64
	0,0
	228,84
	8,0
	8,252
	4,252
	32,180
	0,0
	0,56
	232,200
15:
 84
	0,0
	244,56
	232,172
	0,0
	240,40
	252,236
	0,244
	8,248
	8,0
	8,4
	8,8
	8,16
	0,0
	28,56
	248,228
	252,240
	0,248
	4,252
	8,0
	8,8
	4,8
16:
 72
	0,0
	232,56
	12,0
	252,232
	252,236
	252,244
	0,0
	28,56
	252,244
	252,248
	248,244
	244,244
	244,248
	244,252
17:
 68
	0,0
	0,56
	248,252
	248,248
	252,244
	0,244
	4,244
	4,252
	8,252
	8,0
	8,4
	8,8
	4,12
	0,12
	252,12
	252,4
	248,4
	248,0
20:
 88
	0,0
	248,56
	240,200
	0,0
	12,56
	4,232
	4,236
	4,244
	0,0
	220,44
	8,8
	12,4
	52,0
21:
 92
	0,0
	16,84
	224,144
	0,0
	212,40
	4,8
	8,8
	8,0
	4,252
	0,248
	252,236
	0,244
	4,248
	8,252
	8,0
	12,4
	8,8
	8,12
	8,20
	4,12
22:
 72
	0,0
	236,32
	0,244
	4,244
	4,252
	8,252
	8,0
	8,4
	8,8
	4,12
	0,12
	252,12
	252,4
	248,4
	248,0
	248,252
	248,248
	252,244
	240,196
23:
 80
	0,0
	36,56
	216,0
	248,252
	248,248
	252,244
	0,244
	4,244
	4,252
	8,252
	8,0
	8,4
	8,8
	4,12
	0,12
	252,12
	252,4
	248,4
24:
 80
	0,0
	4,56
	244,200
	0,0
	224,44
	8,8
	12,4
	44,0
25:
 80
	0,0
	220,40
	4,8
	8,8
	8,0
	4,252
	0,248
	248,232
	0,244
	8,248
	8,0
	12,4
	8,8
	8,16
	4,16
	0,12
26:
 84
	0,0
	216,40
	4,8
	8,8
	8,0
	4,252
	0,248
	252,236
	0,244
	4,248
	4,252
	8,0
	8,4
	8,12
	4,8
	4,12
	4,20
	0,12
	252,12
	248,4
	248,0
	252,248
	0,248
	4,244
	8,244
	8,248
	12,248
27:
 92
	0,0
	240,56
	248,252
	248,244
	252,244
	0,244
	4,244
	4,252
	8,0
	8,4
	8,12
	0,0
	0,32
	252,240
	4,244
	4,252
	8,0
	8,4
	8,12
	4,12
	0,12
	252,12
	252,4
30:
 72
	0,0
	228,56
	8,0
	8,248
	24,188
	8,248
	8,0
	0,0
	32,56
	252,248
	248,244
	216,212
	248,244
	252,248
31:
 80
	0,0
	220,40
	4,8
	8,8
	8,0
	4,252
	0,248
	252,240
	248,228
	0,0
	240,28
	8,16
	8,8
	8,4
	8,0
	8,248
	0,244
	252,236
	244,212
32:
 60
	0,0
	8,84
	248,252
	252,252
	0,252
	4,252
	12,252
	12,0
	0,0
	24,64
	240,248
	244,248
	244,244
	252,244
	0,248
	4,248
	8,248
	12,248
	4,248
	0,248
	252,252
	248,0
	252,8
33:
 72
	0,0
	228,84
	28,216
	228,212
	0,0
	228,84
	56,0
	0,0
	228,0
	56,0
34:
 72
	0,0
	0,84
	224,172
	0,0
	0,84
	32,172
	0,0
	224,0
	64,0
35:
 80
	0,0
	0,84
	0,172
	0,0
	248,64
	244,252
	252,252
	252,248
	0,244
	4,248
	4,252
	12,252
	16,0
	12,4
	4,4
	4,8
	0,12
	252,8
	252,4
	244,4
	240,0
36:
 44
	0,0
	0,56
	248,228
	252,240
	0,248
	4,252
	8,0
	8,8
	4,8
37:
 88
	0,0
	0,84
	0,172
	0,0
	220,60
	4,0
	4,252
	4,240
	4,248
	4,252
	12,252
	8,0
	12,4
	4,4
	4,8
	4,16
	4,4
	4,0
40:  
 75
	0,0
	219,20
	75,0
	0,75
	181,0
	0,181
41: !
 40
	0,0
	0,84
	0,200
	0,0
	0,8
	252,252
	4,252
	4,4
	252,4
42: "
 64
	0,0
	240,84
	0,228
	0,0
	16,84
	0,228
43: #
 84
	0,0
	4,100
	228,128
	0,0
	28,100
	228,128
	0,0
	232,48
	56,0
	0,0
	228,24
	56,0
44: $
 80
	0,0
	248,100
	0,140
	0,0
	8,100
	0,140
	0,0
	28,72
	248,8
	244,4
	240,0
	244,252
	248,248
	0,248
	4,248
	4,252
	8,252
	24,248
	8,252
	4,252
	4,248
	0,244
	248,248
	244,252
	240,0
	244,4
	248,8
45: %
 96
	0,0
	36,84
	184,172
	0,0
	240,84
	8,248
	0,248
	252,248
	248,252
	248,0
	248,8
	0,8
	4,8
	8,4
	8,0
	8,252
	12,252
	12,0
	12,4
	8,4
	0,0
	20,28
	248,252
	252,248
	0,248
	8,248
	8,0
	8,4
	4,8
	0,8
	248,8
	248,0
46: &
 104
	0,0
	40,48
	0,4
	252,4
	252,0
	252,252
	252,248
	248,236
	248,244
	248,248
	248,252
	240,0
	248,4
	252,4
	252,8
	0,8
	4,8
	4,4
	28,16
	4,4
	4,8
	0,8
	252,8
	248,4
	248,252
	252,248
	0,248
	4,244
	8,244
	20,228
	8,248
	8,252
	8,0
	4,4
	0,4
47: '
 32
	0,0
	0,84
	0,228
50: (
 56
	0,0
	16,100
	248,248
	248,244
	248,240
	252,236
	0,240
	4,236
	8,240
	8,244
	8,248
51: )
 56
	0,0
	240,100
	8,248
	8,244
	8,240
	4,236
	0,240
	252,236
	248,240
	248,244
	248,248
52: *
 64
	0,0
	0,60
	0,208
	0,0
	236,48
	40,232
	0,0
	20,48
	216,232
53: +
 104
	0,0
	0,72
	0,184
	0,0
	220,36
	72,0
54: ,
 40
	0,0
	4,4
	252,252
	252,4
	4,4
	4,252
	0,248
	252,248
	252,252
55: -
 104
	0,0
	220,36
	72,0
56: .
 40
	0,0
	0,8
	252,252
	4,252
	4,4
	252,4
57: /
 88
	0,0
	36,100
	184,128
60: 0
 80
	0,0
	252,84
	244,252
	248,244
	252,236
	0,244
	4,236
	8,244
	12,252
	8,0
	12,4
	8,12
	4,20
	0,12
	252,20
	248,12
	244,4
	248,0
61: 1
 80
	0,0
	240,68
	8,4
	12,12
	0,172
62: 2
 80
	0,0
	232,64
	0,4
	4,8
	4,4
	8,4
	16,0
	8,252
	4,252
	4,248
	0,248
	252,248
	248,244
	216,216
	56,0
63: 3
 80
	0,0
	236,84
	44,0
	232,224
	12,0
	8,252
	4,252
	4,244
	0,248
	252,244
	248,248
	244,252
	244,0
	244,4
	252,4
	252,8
64: 4
 80
	0,0
	12,84
	216,200
	60,0
	0,0
	12,84
	0,172
65: 5
 80
	0,0
	20,84
	216,0
	252,220
	4,4
	12,4
	12,0
	12,252
	8,248
	4,244
	0,248
	252,244
	248,248
	244,252
	244,0
	244,4
	252,4
	252,8
66: 6
 80
	0,0
	24,72
	252,8
	244,4
	248,0
	244,252
	248,244
	252,236
	0,236
	4,240
	8,248
	12,252
	4,0
	12,4
	8,8
	4,12
	0,4
	252,12
	248,8
	244,4
	252,0
	244,252
	248,248
	252,244
67: 7
 80
	0,0
	28,84
	216,172
	0,0
	228,84
	56,0
70: 8
 80
	0,0
	248,84
	244,252
	252,248
	0,248
	4,248
	8,252
	16,252
	12,252
	8,248
	4,248
	0,244
	252,248
	252,252
	244,252
	240,0
	244,4
	252,4
	252,8
	0,12
	4,8
	8,8
	12,4
	16,4
	8,4
	4,8
	0,8
	252,8
	244,4
	240,0
71: 9
 80
	0,0
	24,56
	252,244
	248,248
	244,252
	252,0
	244,4
	248,8
	252,12
	0,4
	4,12
	8,8
	12,4
	4,0
	12,252
	8,248
	4,240
	0,236
	252,236
	248,244
	244,252
	248,0
	244,4
	252,8
72: :
 40
	0,0
	0,56
	252,252
	4,252
	4,4
	252,4
	0,0
	0,8
	252,252
	4,252
	4,4
	252,4
73: ;
 40
	0,0
	0,56
	252,252
	4,252
	4,4
	252,4
	0,0
	4,4
	252,252
	252,4
	4,4
	4,252
	0,248
	252,248
	252,252
74: <
 96
	0,0
	32,72
	192,220
	64,220
75: =
 104
	0,0
	220,48
	72,0
	0,0
	220,24
	72,0
76: >
 96
	0,0
	224,72
	64,220
	192,220
77: ?
 72
	0,0
	232,64
	0,4
	4,8
	4,4
	8,4
	16,0
	8,252
	4,252
	4,248
	0,248
	252,248
	252,252
	240,248
	0,244
	0,0
	0,8
	252,252
	4,252
	4,4
	252,4
100: @
 108
	0,0
	20,52
	252,8
	248,4
	244,0
	248,252
	252,252
	252,244
	0,244
	4,248
	8,252
	12,0
	8,4
	4,8
	0,0
	252,64
	248,248
	252,244
	0,244
	4,248
	4,252
	0,0
	20,64
	252,224
	0,248
	8,252
	8,0
	8,8
	4,12
	0,8
	252,12
	252,8
	248,8
	248,4
	244,4
	244,0
	244,252
	248,252
	248,248
	252,248
	252,244
	0,244
	4,244
	4,248
	8,248
	8,252
	12,252
	12,0
	12,4
	8,4
	4,4
	0,0
	24,64
	252,224
	0,248
	4,252
101: A
 72
	0,0
	0,84
	224,172
	0,0
	0,84
	32,172
	0,0
	236,28
	40,0
102: B
 84
	0,0
	228,84
	0,172
	0,0
	228,84
	36,0
	12,252
	4,252
	4,248
	0,248
	252,248
	252,252
	244,252
	0,0
	228,44
	36,0
	12,252
	4,252
	4,248
	0,244
	252,248
	252,252
	244,252
	220,0
103: C
 84
	0,0
	32,64
	252,8
	248,8
	248,4
	240,0
	248,252
	248,248
	252,248
	252,244
	0,236
	4,244
	4,248
	8,248
	8,252
	16,0
	8,4
	8,8
	4,8
104: D
 84
	0,0
	228,84
	0,172
	0,0
	228,84
	28,0
	12,252
	8,248
	4,248
	4,244
	0,236
	252,244
	252,248
	248,248
	244,252
	228,0
105: E
 76
	0,0
	232,84
	0,172
	0,0
	232,84
	52,0
	0,0
	232,44
	32,0
	0,0
	232,0
	52,0
106: F
 72
	0,0
	232,84
	0,172
	0,0
	232,84
	52,0
	0,0
	232,44
	32,0
107: G
 84
	0,0
	32,64
	252,8
	248,8
	248,4
	240,0
	248,252
	248,248
	252,248
	252,244
	0,236
	4,244
	4,248
	8,248
	8,252
	16,0
	8,4
	8,8
	4,8
	0,12
	0,0
	12,32
	20,0
110: H
 88
	0,0
	228,84
	0,172
	0,0
	28,84
	0,172
	0,0
	228,44
	56,0
111: I
 32
	0,0
	0,84
	0,172
112: J
 64
	0,0
	16,84
	0,192
	252,244
	252,252
	248,252
	248,0
	248,4
	252,4
	252,12
	0,8
113: K
 84
	0,0
	228,84
	0,172
	0,0
	28,84
	200,200
	0,0
	248,48
	36,208
114: L
 68
	0,0
	232,84
	0,172
	0,0
	232,0
	48,0
115: M
 96
	0,0
	224,84
	0,172
	0,0
	224,84
	32,172
	0,0
	32,84
	224,172
	0,0
	32,84
	0,172
116: N
 88
	0,0
	228,84
	0,172
	0,0
	228,84
	56,172
	0,0
	28,84
	0,172
117: O
 88
	0,0
	248,84
	248,252
	248,248
	252,248
	252,244
	0,236
	4,244
	4,248
	8,248
	8,252
	16,0
	8,4
	8,8
	4,8
	4,12
	0,20
	252,12
	252,8
	248,8
	248,4
	240,0
120: P
 84
	0,0
	228,84
	0,172
	0,0
	228,84
	36,0
	12,252
	4,252
	4,248
	0,244
	252,248
	252,252
	244,252
	220,0
121: Q
 88
	0,0
	248,84
	248,252
	248,248
	252,248
	252,244
	0,236
	4,244
	4,248
	8,248
	8,252
	16,0
	8,4
	8,8
	4,8
	4,12
	0,20
	252,12
	252,8
	248,8
	248,4
	240,0
	0,0
	4,16
	24,232
122: R
 84
	0,0
	228,84
	0,172
	0,0
	228,84
	36,0
	12,252
	4,252
	4,248
	0,248
	252,248
	252,252
	244,252
	220,0
	0,0
	0,44
	28,212
123: S
 80
	0,0
	28,72
	248,8
	244,4
	240,0
	244,252
	248,248
	0,248
	4,248
	4,252
	8,252
	24,248
	8,252
	4,252
	4,248
	0,244
	248,248
	244,252
	240,0
	244,4
	248,8
124: T
 64
	0,0
	0,84
	0,172
	0,0
	228,84
	56,0
125: U
 88
	0,0
	228,84
	0,196
	4,244
	8,248
	12,252
	8,0
	12,4
	8,8
	4,12
	0,60
126: V
 72
	0,0
	224,84
	32,172
	0,0
	32,84
	224,172
127: W
 96
	0,0
	216,84
	20,172
	0,0
	0,84
	236,172
	0,0
	0,84
	20,172
	0,0
	40,84
	236,172
130: X
 80
	0,0
	228,84
	56,172
	0,0
	28,84
	200,172
131: Y
 72
	0,0
	224,84
	32,216
	0,212
	0,0
	32,84
	224,216
132: Z
 80
	0,0
	28,84
	200,172
	0,0
	228,84
	56,0
	0,0
	228,0
	56,0
133: [
 56
	0,0
	244,100
	0,128
	0,0
	248,100
	0,128
	0,0
	244,100
	28,0
	0,0
	244,228
	28,0
134: \
 88
	0,0
	220,100
	72,128
135: ]
 56
	0,0
	8,100
	0,128
	0,0
	12,100
	0,128
	0,0
	240,100
	28,0
	0,0
	240,228
	28,0
136: ^
 88
	0,0
	224,28
	32,20
	32,236
	0,0
	224,28
	32,16
	32,240
137: _
 104
	0,0
	232,44
	244,248
	12,248
	0,0
	244,56
	236,236
	20,236
	0,0
	224,36
	68,0
140: `
 40
	0,0
	4,84
	252,252
	252,248
	0,248
	4,252
	4,4
	252,4
141: a
 76
	0,0
	24,56
	0,200
	0,0
	24,44
	248,8
	248,4
	244,0
	248,252
	248,248
	252,244
	0,248
	4,244
	8,248
	8,252
	12,0
	8,4
	8,8
142: b
 76
	0,0
	232,84
	0,172
	0,0
	232,44
	8,8
	8,4
	12,0
	8,252
	8,248
	4,244
	0,248
	252,244
	248,248
	248,252
	244,0
	248,4
	248,8
143: c
 72
	0,0
	24,44
	248,8
	248,4
	244,0
	248,252
	248,248
	252,244
	0,248
	4,244
	8,248
	8,252
	12,0
	8,4
	8,8
144: d
 76
	0,0
	24,84
	0,172
	0,0
	24,44
	248,8
	248,4
	244,0
	248,252
	248,248
	252,244
	0,248
	4,244
	8,248
	8,252
	12,0
	8,4
	8,8
145: e
 72
	0,0
	232,32
	48,0
	0,8
	252,8
	252,4
	248,4
	244,0
	248,252
	248,248
	252,244
	0,248
	4,244
	8,248
	8,252
	12,0
	8,4
	8,8
146: f
 48
	0,0
	20,84
	248,0
	248,252
	252,244
	0,188
	0,0
	244,56
	28,0
147: g
 76
	0,0
	24,56
	0,192
	252,244
	252,252
	248,252
	244,0
	248,4
	0,0
	24,44
	248,8
	248,4
	244,0
	248,252
	248,248
	252,244
	0,248
	4,244
	8,248
	8,252
	12,0
	8,4
	8,8
150: h
 76
	0,0
	236,84
	0,172
	0,0
	236,40
	12,12
	8,4
	12,0
	8,252
	4,244
	0,216
151: i
 32
	0,0
	252,84
	4,252
	4,4
	252,4
	252,252
	0,0
	0,56
	0,200
152: j
 40
	0,0
	0,84
	4,252
	4,4
	252,4
	252,252
	0,0
	4,56
	0,188
	252,244
	248,252
	248,0
153: k
 68
	0,0
	236,84
	0,172
	0,0
	20,56
	216,216
	0,0
	252,32
	28,224
154: l
 32
	0,0
	0,84
	0,172
155: m
 120
	0,0
	212,56
	0,200
	0,0
	212,40
	12,12
	8,4
	12,0
	8,252
	4,244
	0,216
	0,0
	0,40
	12,12
	8,4
	12,0
	8,252
	4,244
	0,216
156: n
 76
	0,0
	236,56
	0,200
	0,0
	236,40
	12,12
	8,4
	12,0
	8,252
	4,244
	0,216
157: o
 76
	0,0
	252,56
	248,252
	248,248
	252,244
	0,248
	4,244
	8,248
	8,252
	12,0
	8,4
	8,8
	4,12
	0,8
	252,12
	248,8
	248,4
	244,0
160: p
 76
	0,0
	232,56
	0,172
	0,0
	232,44
	8,8
	8,4
	12,0
	8,252
	8,248
	4,244
	0,248
	252,244
	248,248
	248,252
	244,0
	248,4
	248,8
161: q
 76
	0,0
	24,56
	0,172
	0,0
	24,44
	248,8
	248,4
	244,0
	248,252
	248,248
	252,244
	0,248
	4,244
	8,248
	8,252
	12,0
	8,4
	8,8
162: r
 52
	0,0
	244,56
	0,200
	0,0
	244,32
	4,12
	8,8
	8,4
	12,0
163: s
 68
	0,0
	24,44
	252,8
	244,4
	244,0
	244,252
	252,248
	4,248
	8,252
	20,252
	8,252
	4,248
	0,252
	252,248
	244,252
	244,0
	244,4
	252,8
164: t
 48
	0,0
	0,84
	0,188
	4,244
	8,252
	8,0
	0,0
	244,56
	28,0
165: u
 76
	0,0
	236,56
	0,216
	4,244
	8,252
	12,0
	8,4
	12,12
	0,0
	24,56
	0,200
166: v
 64
	0,0
	232,56
	24,200
	0,0
	24,56
	232,200
167: w
 88
	0,0
	224,56
	16,200
	0,0
	0,56
	240,200
	0,0
	0,56
	16,200
	0,0
	32,56
	240,200
170: x
 68
	0,0
	236,56
	44,200
	0,0
	24,56
	212,200
171: y
 64
	0,0
	232,56
	24,200
	0,0
	24,56
	232,200
	248,240
	248,248
	248,252
	252,0
172: z
 68
	0,0
	24,56
	212,200
	0,0
	236,56
	44,0
	0,0
	236,0
	44,0
173: {
 56
	0,0
	8,100
	248,252
	252,252
	252,248
	0,248
	4,248
	4,252
	4,248
	0,248
	248,248
	0,0
	0,96
	252,248
	0,248
	4,248
	4,252
	4,248
	0,248
	252,248
	240,248
	16,248
	4,248
	0,248
	252,248
	252,252
	252,248
	0,248
	4,248
	0,0
	252,32
	8,248
	0,248
	252,248
	252,252
	252,248
	0,248
	4,248
	4,252
	8,252
174: |
 32
	0,0
	0,100
	0,128
175: }
 56
	0,0
	248,100
	8,252
	4,252
	4,248
	0,248
	252,248
	252,252
	252,248
	0,248
	8,248
	0,0
	0,96
	4,248
	0,248
	252,248
	252,252
	252,248
	0,248
	4,248
	16,248
	240,248
	252,248
	0,248
	4,248
	4,252
	4,248
	0,248
	252,248
	0,0
	4,32
	248,248
	0,248
	4,248
	4,252
	4,248
	0,248
	252,248
	252,252
	248,252
176: ~
 96
	0,0
	220,24
	0,8
	4,12
	8,4
	8,0
	8,252
	16,244
	8,252
	8,0
	8,4
	4,8
	0,0
	220,32
	4,8
	8,4
	8,0
	8,252
	16,244
	8,252
	8,0
	8,4
	4,12
	0,8
177:
 80
	0,0
	228,0
	16,0
	244,28
	252,16
	0,16
	4,12
	8,8
	12,4
	8,0
	12,252
	8,248
	4,244
	0,240
	252,240
	244,228
	16,0
