0:
 50
	0,0
	231,20
	1,7
	1,4
	3,4
	12,13
	3,6
	0,3
	255,2
	255,3
	254,4
	245,14
	255,2
	255,1
	255,2
	255,4
	0,3
	50,0
	255,249
	255,252
	253,252
	244,243
	253,250
	0,253
	1,254
	1,253
	2,252
	11,242
	1,254
	1,255
	1,254
	1,252
	0,253
	206,0
1:
 92
	0,0
	252,56
	244,252
	248,248
	252,248
	252,244
	0,244
	4,248
	12,252
	8,0
	8,4
	12,12
	8,12
	8,16
	4,12
	0,0
	252,56
	248,252
	248,248
	252,248
	252,244
	0,244
	4,248
	8,252
	0,0
	252,56
	8,0
	8,252
	4,248
	8,224
	4,248
	4,252
	0,0
	4,56
	4,252
	4,248
	8,224
	4,248
	8,252
	4,0
2:
 84
	0,0
	8,84
	244,252
	248,248
	248,240
	252,244
	252,240
	252,232
	252,224
	0,0
	8,84
	248,252
	248,248
	248,240
	252,244
	252,240
	252,232
	252,224
	0,0
	8,84
	8,0
	8,252
	4,252
	0,244
	252,248
	252,252
	244,252
	240,0
	0,0
	16,84
	8,248
	0,244
	252,248
	252,252
	248,252
	0,0
	248,48
	16,252
	8,248
	4,248
	0,244
	252,248
	252,252
	244,252
	248,0
	248,4
	252,4
	252,12
	0,0
	248,48
	12,252
	8,248
	4,248
	0,244
	252,248
	252,252
	248,252
3:
 68
	0,0
	8,84
	248,252
	252,252
	0,252
	4,252
	12,252
	12,0
	0,0
	12,64
	240,252
	248,252
	252,248
	0,248
	8,248
	12,252
	12,0
	0,0
	12,64
	244,252
	248,252
	252,248
	0,248
	8,248
	8,252
	0,0
	4,28
	240,252
	248,252
	252,248
	0,248
	8,248
	20,248
	4,252
	0,248
	248,252
	248,0
	0,0
	4,28
	244,252
	248,252
	252,248
	0,248
	8,248
	16,248
4:
 76
	0,0
	16,52
	248,4
	248,0
	244,252
	248,244
	252,244
	0,244
	4,248
	4,252
	8,252
	8,0
	12,4
	8,12
	4,12
	0,12
	252,8
	240,20
	252,8
	0,8
	4,4
	8,0
	8,252
	8,248
	0,0
	0,56
	248,252
	248,244
	252,244
	0,240
	4,248
	0,0
	0,0
	8,4
	8,12
	4,12
	0,16
	252,8
	248,12
	252,8
	0,8
	4,4
	8,0
	12,248
5:
 72
	0,0
	24,44
	248,8
	248,4
	240,0
	248,252
	0,248
	8,248
	12,252
	0,0
	248,56
	252,252
	0,248
	8,248
	8,252
	0,0
	4,32
	236,252
	248,248
	0,248
	4,248
	12,252
	12,0
	8,4
	8,8
	0,0
	4,32
	240,252
	248,248
	0,248
	4,248
	8,252
6:
 88
	0,0
	244,52
	248,252
	248,248
	252,244
	0,244
	4,248
	4,252
	8,252
	12,0
	12,4
	12,8
	8,12
	4,12
	0,12
	248,8
	248,0
	248,248
	248,240
	248,236
	244,216
	0,0
	224,16
	8,248
	8,252
	12,0
	12,4
	12,8
	8,8
	0,0
	32,48
	248,4
	248,0
	248,248
	248,244
	248,232
	248,220
7:
 80
	0,0
	220,44
	8,8
	8,4
	8,0
	8,252
	4,252
	4,244
	0,240
	252,240
	244,224
	0,0
	224,48
	8,4
	16,0
	8,252
	0,0
	32,56
	252,244
	252,248
	236,228
	244,236
	248,240
	0,0
	28,56
	252,244
	252,248
	240,228
10:
 75
	0,0
	219,20
	75,0
	218,75
	219,181
11:
 50
	0,0
	0,0
	25,57
	231,38
	232,218
	24,219
12:
 75
	0,0
	37,57
	0,4
	254,7
	254,6
	255,1
	254,3
	251,6
	0,1
	250,4
	253,2
	249,2
	242,1
	243,251
	255,255
	250,251
	254,254
	255,0
	254,253
	254,253
	255,254
	254,249
	255,248
	0,250
	1,254
	0,254
	2,252
	3,250
	4,250
	6,252
	0,255
	3,254
	2,255
	7,254
	8,255
	6,0
	2,1
	2,0
	4,2
	6,3
	6,4
	4,6
	1,0
	2,3
	1,2
	2,7
	1,8
	0,6
13:
 80
	0,0
	240,56
	240,200
	0,0
	244,56
	240,200
	0,0
	24,56
	4,252
	4,0
	252,4
	248,0
	248,252
	240,240
	248,252
	248,0
	0,0
	244,32
	8,252
	8,232
	4,252
	0,0
	244,32
	4,252
	8,232
	4,252
	8,0
	8,4
	8,12
14:
 80
	0,0
	228,84
	8,0
	8,252
	4,252
	4,248
	24,200
	4,248
	4,252
	0,0
	236,84
	8,248
	4,248
	24,200
	4,248
	8,252
	4,0
	0,0
	0,56
	224,200
	0,0
	0,56
	228,200
15:
 92
	0,0
	236,56
	232,172
	0,0
	240,56
	232,172
	0,0
	236,44
	252,232
	0,244
	8,248
	8,0
	8,4
	8,8
	8,12
	0,0
	24,56
	244,212
	0,248
	4,252
	12,0
	8,8
	4,8
	0,0
	28,56
	244,212
	0,248
	4,252
16:
 80
	0,0
	240,56
	248,200
	0,0
	244,56
	252,232
	252,236
	252,244
	0,0
	28,56
	252,240
	248,240
	0,0
	32,56
	252,244
	252,248
	248,244
	248,248
	244,248
	248,252
	244,252
	0,0
	228,56
	16,0
17:
 72
	0,0
	0,56
	244,252
	248,244
	252,244
	0,244
	4,248
	4,252
	8,252
	8,0
	12,4
	8,12
	4,12
	0,12
	252,8
	252,4
	248,4
	248,0
	0,0
	0,56
	248,252
	248,244
	252,244
	0,240
	4,248
	0,0
	0,0
	8,4
	8,12
	4,12
	0,16
	252,8
20:
 88
	0,0
	248,52
	240,204
	0,0
	248,52
	244,204
	0,0
	16,52
	0,204
	0,0
	16,52
	4,204
	0,0
	220,44
	8,8
	12,4
	52,0
	0,0
	220,44
	8,4
	12,4
	52,0
21:
 92
	0,0
	12,84
	232,144
	0,0
	16,84
	224,144
	0,0
	212,40
	4,8
	8,8
	12,0
	4,252
	0,248
	252,236
	0,244
	8,248
	12,0
	8,4
	12,12
	8,12
	0,0
	232,56
	4,252
	0,248
	252,236
	0,244
	4,248
	8,252
	12,0
	8,4
	8,8
	8,12
	4,8
	8,24
22:
 76
	0,0
	232,20
	4,244
	4,252
	8,252
	8,0
	12,4
	8,12
	4,12
	0,12
	252,8
	252,4
	248,4
	248,0
	244,252
	248,244
	252,244
	240,200
	0,0
	0,0
	8,4
	8,12
	4,12
	0,16
	252,8
	0,0
	0,56
	248,252
	248,244
	252,244
	240,200
23:
 84
	0,0
	36,56
	216,0
	244,252
	248,244
	252,244
	0,244
	4,248
	4,252
	8,252
	8,0
	12,4
	8,12
	4,12
	0,12
	252,8
	252,4
	248,4
	0,0
	252,56
	248,252
	248,244
	252,244
	0,240
	4,248
	0,0
	252,0
	8,4
	8,12
	4,12
	0,16
	252,8
	0,0
	12,52
	24,0
24:
 80
	0,0
	4,52
	244,204
	0,0
	4,52
	248,204
	0,0
	224,44
	8,8
	12,4
	44,0
	0,0
	224,44
	8,4
	12,4
	44,0
25:
 80
	0,0
	220,40
	4,8
	8,8
	12,0
	4,252
	0,248
	248,232
	0,244
	8,248
	0,0
	240,56
	4,252
	0,248
	248,232
	0,244
	4,252
	8,252
	4,0
	12,4
	8,8
	8,12
	4,12
	0,12
	252,8
	252,252
	4,252
	4,244
	0,0
	24,24
	4,24
26:
 92
	0,0
	212,40
	4,8
	8,8
	12,0
	4,252
	0,248
	252,236
	0,244
	4,248
	4,252
	0,0
	232,56
	4,252
	0,248
	252,236
	0,244
	4,248
	8,252
	8,0
	8,4
	8,8
	8,12
	4,12
	4,20
	0,16
	252,8
	248,4
	248,0
	248,248
	0,248
	4,244
	8,244
	8,248
	12,248
	0,0
	4,4
	8,12
	4,8
	4,12
	4,20
	0,16
	252,8
	252,4
27:
 92
	0,0
	224,40
	8,8
	12,4
	252,4
	248,252
	248,244
	252,244
	0,244
	4,244
	4,252
	8,0
	8,4
	8,12
	4,12
	0,0
	220,16
	4,248
	4,252
	8,0
	8,4
	8,8
	0,0
	252,28
	0,244
	4,244
	4,252
	8,0
	8,4
	8,12
	4,12
	0,12
	252,12
	252,4
	252,252
	8,252
	4,248
	0,0
	252,16
	4,248
	4,252
	8,0
	8,4
	8,8
30:
 72
	0,0
	228,56
	8,0
	8,252
	4,248
	20,196
	4,248
	4,252
	0,0
	236,56
	4,252
	4,248
	20,196
	4,248
	8,252
	8,0
	0,0
	32,56
	252,248
	248,244
	216,212
	248,244
	252,248
31:
 88
	0,0
	216,40
	4,8
	8,8
	12,0
	4,252
	0,248
	252,240
	248,228
	0,0
	236,56
	4,252
	0,248
	252,240
	248,228
	0,0
	240,28
	8,16
	8,8
	8,4
	8,0
	8,252
	4,252
	0,244
	252,236
	244,212
	0,0
	16,56
	8,248
	0,244
	252,236
	244,212
32:
 72
	0,0
	8,84
	248,252
	252,252
	0,252
	4,252
	12,252
	20,0
	0,4
	244,252
	240,248
	244,248
	244,244
	252,244
	0,248
	4,248
	12,248
	12,248
	4,248
	0,248
	252,252
	248,0
	252,4
	0,0
	12,60
	240,244
	244,244
	252,244
	0,248
	4,248
	8,248
33:
 72
	0,0
	228,84
	28,216
	228,212
	0,0
	228,84
	56,0
	0,0
	228,0
	56,0
34:
 72
	0,0
	0,84
	224,172
	0,0
	0,84
	32,172
	0,0
	224,0
	64,0
35:
 80
	0,0
	0,84
	0,172
	0,0
	248,64
	244,252
	252,252
	252,248
	0,244
	4,248
	4,252
	12,252
	16,0
	12,4
	4,4
	4,8
	0,12
	252,8
	252,4
	244,4
	240,0
36:
 48
	0,0
	0,56
	248,228
	252,240
	0,248
	4,252
	12,0
	8,8
	4,8
	0,0
	4,56
	248,228
	252,240
	0,248
	4,252
37:
 88
	0,0
	0,84
	0,172
	0,0
	220,60
	4,0
	4,252
	4,240
	4,248
	4,252
	12,252
	8,0
	12,4
	4,4
	4,8
	4,16
	4,4
	4,0
40:  
 75
	0,0
	219,20
	75,0
	0,75
	181,0
	0,181
41: !
 40
	254,3
	251,6
	0,1
	250,4
	253,2
	249,2
	242,1
	243,251
	255,255
42: "
 64
	6,3
	6,4
	4,6
	1,0
	2,3
	1,2
43: #
 84
	0,0
	4,100
	228,128
	0,0
	28,100
	228,128
	0,0
	232,48
	56,0
	0,0
	228,24
	56,0
44: $
 80
	2,7
	1,8
	0,6
	0,0
	219,20
	75,0
	0,75
	181,0
	0,181
	244,4
	240,0
	244,252
	248,248
	0,248
	4,248
	4,252
	8,252
	24,248
	8,252
	4,252
	4,248
	0,244
	248,248
	244,252
	240,0
	244,4
	248,8
45: %
 96
	0,0
	36,84
	184,172
	0,0
	240,84
	8,248
	0,248
	252,248
	248,252
	248,0
	248,8
	0,8
	4,8
	8,4
	8,0
	8,252
	12,252
	12,0
	12,4
	8,4
	0,0
	20,28
	248,252
	252,248
	0,248
	8,248
	8,0
	8,4
	4,8
	0,8
	248,8
	248,0
46: &
 104
	0,0
	40,48
	0,4
	252,4
	252,0
	252,252
	252,248
	248,236
	248,244
	248,248
	248,252
	240,0
	248,4
	252,4
	252,8
	0,8
	4,8
	4,4
	28,16
	4,4
	4,8
	0,8
	252,8
	248,4
	248,252
	252,248
	0,248
	4,244
	8,244
	20,228
	8,248
	8,252
	8,0
	4,4
	0,4
47: '
 32
	2,1
	2,0
	4,2
50: (
 56
	0,0
	16,100
	248,248
	248,244
	248,240
	252,236
	0,240
	4,236
	8,240
	8,244
	8,248
51: )
 56
	0,0
	240,100
	8,248
	8,244
	8,240
	4,236
	0,240
	252,236
	248,240
	248,244
	248,248
52: *
 64
	0,0
	0,60
	0,208
	0,0
	236,48
	40,232
	0,0
	20,48
	216,232
53: +
 104
	0,0
	0,72
	0,184
	0,0
	220,36
	72,0
54: ,
 40
	255,4
	0,3
	50,0
	255,249
	255,252
	253,252
	244,243
	253,250
	0,253
55: -
 104
	0,0
	220,36
	72,0
56: .
 40
	255,3
	254,4
	245,14
	255,2
	255,1
	255,2
57: /
 88
	0,0
	36,100
	184,128
60: 0
 80
	0,0
	252,84
	244,252
	248,244
	252,236
	0,244
	4,236
	8,244
	12,252
	8,0
	12,4
	8,12
	4,20
	0,12
	252,20
	248,12
	244,4
	248,0
	0,0
	252,84
	248,252
	252,252
	252,248
	252,236
	0,244
	4,236
	4,248
	4,252
	8,252
	0,0
	4,0
	8,4
	4,4
	4,8
	4,20
	0,12
	252,20
	252,8
	252,4
	248,4
61: 1
 80
	0,0
	240,68
	8,4
	12,12
	0,172
	0,0
	0,80
	0,176
	0,0
	240,0
	36,0
62: 2
 80
	0,0
	232,68
	4,252
	252,252
	252,4
	0,4
	4,8
	4,4
	12,4
	16,0
	12,252
	4,252
	4,248
	0,248
	252,248
	244,248
	236,248
	248,252
	248,248
	252,244
	0,244
	0,0
	8,84
	8,252
	4,252
	4,248
	0,248
	252,248
	244,248
	240,248
	0,0
	228,8
	4,4
	8,0
	20,248
	12,0
	8,4
	4,4
	0,0
	240,12
	20,244
	16,0
	4,4
	4,8
	0,8
63: 3
 80
	0,0
	232,68
	4,252
	252,252
	252,4
	0,4
	4,8
	4,4
	12,4
	16,0
	12,252
	4,248
	0,244
	252,248
	244,252
	244,0
	0,0
	8,84
	8,252
	4,248
	0,244
	252,248
	248,252
	0,0
	8,48
	8,252
	8,248
	4,248
	0,244
	252,248
	252,252
	244,252
	240,0
	244,4
	252,4
	252,8
	0,4
	4,4
	4,252
	252,252
	0,0
	20,40
	4,244
	0,244
	252,248
	252,252
	248,252
64: 4
 80
	0,0
	8,76
	0,180
	0,0
	12,84
	0,172
	0,0
	12,84
	212,196
	64,0
	0,0
	252,0
	28,0
65: 5
 80
	0,0
	236,84
	248,216
	0,0
	228,44
	8,8
	12,4
	12,0
	12,252
	8,248
	4,244
	0,248
	252,244
	248,248
	244,252
	244,0
	244,4
	252,4
	252,8
	0,4
	4,4
	4,252
	252,252
	0,0
	4,56
	8,252
	8,248
	4,244
	0,248
	252,244
	248,248
	248,252
	0,0
	236,84
	40,0
	0,0
	236,80
	20,0
	20,4
66: 6
 80
	0,0
	20,72
	252,252
	4,252
	4,4
	0,4
	252,8
	248,4
	244,0
	244,252
	248,248
	252,248
	252,240
	0,232
	4,244
	8,248
	12,252
	8,0
	12,4
	8,8
	4,12
	0,4
	252,12
	248,8
	244,4
	252,0
	244,252
	248,248
	252,244
	0,0
	0,84
	248,252
	248,248
	252,248
	252,240
	0,232
	4,244
	8,248
	8,252
	0,0
	4,0
	8,4
	8,8
	4,12
	0,4
	252,12
	248,8
	248,4
67: 7
 80
	0,0
	228,84
	0,232
	0,0
	228,68
	4,8
	8,8
	8,0
	20,244
	8,0
	4,4
	4,8
	0,0
	232,76
	8,4
	8,0
	20,248
	0,0
	28,84
	0,244
	252,244
	240,236
	252,248
	252,244
	0,236
	0,0
	24,60
	236,236
	252,248
	252,244
	0,236
70: 8
 80
	0,0
	248,84
	244,252
	252,248
	0,244
	4,248
	12,252
	16,0
	12,4
	4,8
	0,12
	252,8
	244,4
	240,0
	0,0
	248,84
	248,252
	252,248
	0,244
	4,248
	8,252
	0,0
	8,48
	8,4
	4,8
	0,12
	252,8
	248,4
	0,0
	248,48
	244,252
	252,252
	252,248
	0,240
	4,248
	4,252
	12,252
	16,0
	12,4
	4,4
	4,8
	0,16
	252,8
	252,4
	244,4
	0,0
	248,48
	248,252
	252,252
	252,248
	0,240
	4,248
	4,252
	8,252
	0,0
	8,0
	8,4
	4,4
	4,8
	0,16
	252,8
	252,4
	248,4
71: 9
 80
	0,0
	24,56
	252,244
	248,248
	244,252
	252,0
	244,4
	248,8
	252,12
	0,4
	4,12
	8,8
	12,4
	8,0
	12,252
	8,248
	4,244
	0,232
	252,240
	252,248
	248,248
	244,252
	244,0
	248,4
	252,8
	0,4
	4,4
	4,252
	252,252
	0,0
	252,32
	248,4
	248,8
	252,12
	0,4
	4,12
	8,8
	8,4
	0,0
	0,0
	231,20
	1,7
	1,4
	3,4
	12,13
	3,6
	0,3
	255,2
72: :
 40
	1,254
	1,253
	2,252
	11,242
	1,254
	1,255
	1,254
	1,252
	0,253
	206,0
	0,0
	219,20
73: ;
 40
	75,0
	218,75
	219,181
	0,0
	0,0
	25,57
	231,38
	232,218
	24,219
	0,0
	37,57
	0,4
	254,7
	254,6
	255,1
74: <
 96
	0,0
	32,72
	192,220
	64,220
75: =
 104
	0,0
	220,48
	72,0
	0,0
	220,24
	72,0
76: >
 96
	0,0
	224,72
	64,220
	192,220
77: ?
 72
	250,251
	254,254
	255,0
	254,253
	254,253
	255,254
	254,249
	255,248
	0,250
	1,254
	0,254
	2,252
	3,250
	4,250
	6,252
	0,255
	3,254
	2,255
	7,254
	8,255
	6,0
100: @
 108
	0,0
	20,52
	252,8
	248,4
	244,0
	248,252
	252,252
	252,244
	0,244
	4,248
	8,252
	12,0
	8,4
	4,8
	0,0
	252,64
	248,248
	252,244
	0,244
	4,248
	4,252
	0,0
	20,64
	252,224
	0,248
	8,252
	8,0
	8,8
	4,12
	0,8
	252,12
	252,8
	248,8
	248,4
	244,4
	244,0
	244,252
	248,252
	248,248
	252,248
	252,244
	0,244
	4,244
	4,248
	8,248
	8,252
	12,252
	12,0
	12,4
	8,4
	4,4
	0,0
	24,64
	252,224
	0,248
	4,252
101: A
 80
	0,0
	0,84
	228,172
	0,0
	0,84
	28,172
	0,0
	0,72
	24,184
	0,0
	236,24
	36,0
	0,0
	220,0
	24,0
	0,0
	12,0
	24,0
102: B
 88
	0,0
	232,84
	0,172
	0,0
	236,84
	0,172
	0,0
	220,84
	48,0
	12,252
	4,252
	4,248
	0,248
	252,248
	252,252
	244,252
	0,0
	12,84
	8,252
	4,252
	4,248
	0,248
	252,248
	252,252
	248,252
	0,0
	236,44
	32,0
	12,252
	4,252
	4,248
	0,244
	252,248
	252,252
	244,252
	208,0
	0,0
	12,44
	8,252
	4,252
	4,248
	0,244
	252,248
	252,252
	248,252
103: C
 84
	0,0
	24,72
	4,244
	0,24
	252,244
	248,8
	244,4
	248,0
	244,252
	248,248
	252,248
	252,244
	0,236
	4,244
	4,248
	8,248
	12,252
	8,0
	12,4
	8,8
	4,8
	0,0
	252,84
	248,252
	248,248
	252,248
	252,244
	0,236
	4,244
	4,248
	8,248
	8,252
104: D
 88
	0,0
	232,84
	0,172
	0,0
	236,84
	0,172
	0,0
	220,84
	40,0
	12,252
	8,248
	4,248
	4,244
	0,236
	252,244
	252,248
	248,248
	244,252
	216,0
	0,0
	4,84
	8,252
	8,248
	4,248
	4,244
	0,236
	252,244
	252,248
	248,248
	248,252
105: E
 84
	0,0
	232,84
	0,172
	0,0
	236,84
	0,172
	0,0
	4,60
	0,224
	0,0
	220,84
	64,0
	0,232
	252,24
	0,0
	236,44
	24,0
	0,0
	220,0
	64,0
	0,24
	252,232
106: F
 80
	0,0
	232,84
	0,172
	0,0
	236,84
	0,172
	0,0
	4,60
	0,224
	0,0
	220,84
	64,0
	0,232
	252,24
	0,0
	236,44
	24,0
	0,0
	220,0
	28,0
107: G
 92
	0,0
	24,72
	4,244
	0,24
	252,244
	248,8
	244,4
	248,0
	244,252
	248,248
	252,248
	252,244
	0,236
	4,244
	4,248
	8,248
	12,252
	8,0
	12,4
	8,8
	0,0
	252,84
	248,252
	248,248
	252,248
	252,244
	0,236
	4,244
	4,248
	8,248
	8,252
	0,0
	24,32
	0,224
	0,0
	28,32
	0,224
	0,0
	12,32
	28,0
110: H
 96
	0,0
	228,84
	0,172
	0,0
	232,84
	0,172
	0,0
	24,84
	0,172
	0,0
	28,84
	0,172
	0,0
	216,84
	28,0
	0,0
	12,84
	28,0
	0,0
	232,44
	48,0
	0,0
	216,0
	28,0
	0,0
	12,0
	28,0
111: I
 44
	0,0
	0,84
	0,172
	0,0
	4,84
	0,172
	0,0
	244,84
	28,0
	0,0
	244,0
	28,0
112: J
 60
	0,0
	12,84
	0,188
	252,244
	248,252
	248,0
	248,4
	252,8
	0,8
	4,4
	4,252
	252,252
	0,0
	8,84
	0,188
	252,244
	252,252
	0,0
	252,84
	28,0
113: K
 88
	0,0
	228,84
	0,172
	0,0
	232,84
	0,172
	0,0
	28,84
	204,204
	0,0
	252,48
	32,208
	0,0
	248,48
	32,208
	0,0
	216,84
	28,0
	0,0
	12,84
	24,0
	0,0
	216,0
	28,0
	0,0
	12,0
	24,0
114: L
 72
	0,0
	240,84
	0,172
	0,0
	244,84
	0,172
	0,0
	228,84
	28,0
	0,0
	228,0
	60,0
	0,24
	252,232
115: M
 100
	0,0
	228,84
	0,172
	0,0
	232,84
	24,184
	0,0
	228,84
	28,172
	0,0
	28,84
	228,172
	0,0
	28,84
	0,172
	0,0
	32,84
	0,172
	0,0
	216,84
	16,0
	0,0
	28,84
	16,0
	0,0
	216,0
	24,0
	0,0
	16,0
	28,0
116: N
 92
	0,0
	232,84
	0,172
	0,0
	236,84
	48,180
	0,0
	236,76
	48,180
	0,0
	28,84
	0,172
	0,0
	220,84
	16,0
	0,0
	16,84
	24,0
	0,0
	220,0
	24,0
117: O
 88
	0,0
	252,84
	244,252
	248,248
	252,248
	252,240
	0,244
	4,240
	4,248
	8,248
	12,252
	8,0
	12,4
	8,8
	4,8
	4,16
	0,12
	252,16
	252,8
	248,8
	244,4
	248,0
	0,0
	252,84
	248,252
	248,248
	252,248
	252,240
	0,244
	4,240
	4,248
	8,248
	8,252
	0,0
	4,0
	8,4
	8,8
	4,8
	4,16
	0,12
	252,16
	252,8
	248,8
	248,4
120: P
 88
	0,0
	232,84
	0,172
	0,0
	236,84
	0,172
	0,0
	220,84
	48,0
	12,252
	4,252
	4,248
	0,244
	252,248
	252,252
	244,252
	224,0
	0,0
	12,84
	8,252
	4,252
	4,248
	0,244
	252,248
	252,252
	248,252
	0,0
	220,0
	28,0
121: Q
 88
	0,0
	252,84
	244,252
	248,248
	252,248
	252,240
	0,244
	4,240
	4,248
	8,248
	12,252
	8,0
	12,4
	8,8
	4,8
	4,16
	0,12
	252,16
	252,8
	248,8
	244,4
	248,0
	0,0
	252,84
	248,252
	248,248
	252,248
	252,240
	0,244
	4,240
	4,248
	8,248
	8,252
	0,0
	4,0
	8,4
	8,8
	4,8
	4,16
	0,12
	252,16
	252,8
	248,8
	248,4
	0,0
	240,8
	0,4
	4,8
	8,4
	4,0
	8,252
	4,248
	4,228
	4,252
	8,0
	4,8
	0,4
	0,0
	12,12
	4,240
	4,248
	4,252
	4,0
	4,4
122: R
 88
	0,0
	232,84
	0,172
	0,0
	236,84
	0,172
	0,0
	220,84
	48,0
	12,252
	4,252
	4,248
	0,248
	252,248
	252,252
	244,252
	224,0
	0,0
	12,84
	8,252
	4,252
	4,248
	0,248
	252,248
	252,252
	248,252
	0,0
	220,0
	28,0
	0,0
	0,44
	8,252
	4,252
	12,228
	4,252
	4,0
	4,4
	0,0
	8,40
	4,248
	8,228
	4,252
	8,0
	4,8
	0,4
123: S
 80
	0,0
	24,72
	4,12
	0,232
	252,12
	248,8
	244,4
	244,0
	244,252
	248,248
	0,248
	4,248
	4,252
	8,252
	24,248
	8,252
	8,248
	0,0
	228,64
	8,248
	8,252
	24,248
	8,252
	4,252
	4,248
	0,240
	248,248
	244,252
	244,0
	244,4
	248,8
	252,12
	0,232
	4,12
124: T
 76
	0,0
	0,84
	0,172
	0,0
	4,84
	0,172
	0,0
	232,84
	252,232
	0,24
	60,0
	0,232
	252,24
	0,0
	244,0
	28,0
125: U
 96
	0,0
	228,84
	0,196
	4,244
	8,248
	12,252
	8,0
	12,4
	8,8
	4,12
	0,60
	0,0
	232,84
	0,196
	4,244
	8,248
	8,252
	0,0
	216,84
	28,0
	0,0
	16,84
	24,0
126: V
 80
	0,0
	228,84
	28,172
	0,0
	232,84
	24,184
	0,0
	28,84
	228,172
	0,0
	220,84
	24,0
	0,0
	12,84
	24,0
127: W
 96
	0,0
	224,84
	16,172
	0,0
	228,84
	12,192
	0,0
	0,84
	240,172
	0,0
	0,84
	16,172
	0,0
	4,84
	12,192
	0,0
	32,84
	240,172
	0,0
	212,84
	28,0
	0,0
	20,84
	24,0
130: X
 80
	0,0
	228,84
	52,172
	0,0
	232,84
	52,172
	0,0
	28,84
	200,172
	0,0
	220,84
	24,0
	0,0
	12,84
	24,0
	0,0
	220,0
	24,0
	0,0
	12,0
	24,0
131: Y
 84
	0,0
	228,84
	28,212
	0,216
	0,0
	232,84
	28,212
	0,216
	0,0
	32,84
	228,212
	0,0
	220,84
	24,0
	0,0
	16,84
	24,0
	0,0
	244,0
	28,0
132: Z
 80
	0,0
	24,84
	204,172
	0,0
	28,84
	204,172
	0,0
	232,84
	252,232
	0,24
	56,0
	0,0
	228,0
	56,0
	0,24
	252,232
133: [
 56
	0,0
	244,100
	0,128
	0,0
	248,100
	0,128
	0,0
	244,100
	28,0
	0,0
	244,228
	28,0
134: \
 88
	0,0
	220,100
	72,128
135: ]
 56
	0,0
	8,100
	0,128
	0,0
	12,100
	0,128
	0,0
	240,100
	28,0
	0,0
	240,228
	28,0
136: ^
 88
	0,0
	224,28
	32,20
	32,236
	0,0
	224,28
	32,16
	32,240
137: _
 104
	0,0
	232,44
	244,248
	12,248
	0,0
	244,56
	236,236
	20,236
	0,0
	224,36
	68,0
140: `
 40
	0,0
	4,84
	252,252
	252,248
	0,248
	4,252
	4,4
	252,4
141: a
 80
	0,0
	240,48
	0,252
	252,0
	0,4
	4,4
	8,4
	16,0
	8,252
	4,252
	4,248
	0,228
	4,248
	4,252
	0,0
	20,48
	0,220
	4,248
	8,252
	4,0
	0,0
	20,40
	252,252
	232,252
	244,252
	252,248
	0,248
	4,248
	12,252
	12,0
	8,4
	8,8
	0,0
	248,32
	248,252
	252,248
	0,248
	4,248
	8,252
142: b
 84
	0,0
	232,84
	0,172
	0,0
	236,84
	0,172
	0,0
	236,44
	8,8
	8,4
	8,0
	12,252
	8,248
	4,244
	0,248
	252,244
	248,248
	244,252
	248,0
	248,4
	248,8
	0,0
	4,56
	8,252
	8,248
	4,244
	0,248
	252,244
	248,248
	248,252
	0,0
	220,84
	16,0
143: c
 76
	0,0
	20,44
	252,252
	4,252
	4,4
	0,4
	248,8
	248,4
	244,0
	244,252
	248,248
	252,244
	0,248
	4,244
	8,248
	12,252
	8,0
	12,4
	8,8
	0,0
	252,56
	248,252
	248,248
	252,244
	0,248
	4,244
	8,248
	8,252
144: d
 84
	0,0
	20,84
	0,172
	0,0
	24,84
	0,172
	0,0
	20,44
	248,8
	248,4
	248,0
	244,252
	248,248
	252,244
	0,248
	4,244
	8,248
	12,252
	8,0
	8,4
	8,8
	0,0
	252,56
	248,252
	248,248
	252,244
	0,248
	4,244
	8,248
	8,252
	0,0
	8,84
	16,0
	0,0
	20,0
	16,0
145: e
 76
	0,0
	232,32
	48,0
	0,8
	252,8
	252,4
	248,4
	244,0
	244,252
	248,248
	252,244
	0,248
	4,244
	8,248
	12,252
	8,0
	12,4
	8,8
	0,0
	20,32
	0,12
	252,8
	0,0
	252,56
	248,252
	248,248
	252,244
	0,248
	4,244
	8,248
	8,252
146: f
 52
	0,0
	12,80
	252,252
	4,252
	4,4
	0,4
	252,4
	248,0
	248,252
	252,248
	0,184
	0,0
	4,84
	252,252
	252,248
	0,184
	0,0
	236,56
	32,0
	0,0
	236,0
	28,0
147: g
 76
	0,0
	252,56
	248,252
	252,252
	252,248
	0,248
	4,248
	4,252
	8,252
	8,0
	8,4
	4,4
	4,8
	0,8
	252,8
	252,4
	248,4
	248,0
	0,0
	244,52
	252,248
	0,240
	4,248
	0,0
	12,20
	4,8
	0,16
	252,8
	0,0
	16,48
	4,4
	8,4
	0,252
	248,0
	0,0
	240,24
	252,252
	252,248
	0,252
	4,248
	12,252
	20,0
	12,252
	4,252
	0,0
	232,8
	4,252
	12,252
	20,0
	12,252
	4,248
	0,252
	252,248
	244,252
	232,0
	244,4
	252,8
	0,4
	4,8
	12,4
150: h
 88
	0,0
	232,84
	0,172
	0,0
	236,84
	0,172
	0,0
	236,44
	8,8
	12,4
	8,0
	12,252
	4,248
	0,212
	0,0
	8,56
	8,252
	4,248
	0,212
	0,0
	220,84
	16,0
	0,0
	220,0
	28,0
	0,0
	8,0
	28,0
151: i
 44
	0,0
	0,84
	252,252
	4,252
	4,4
	252,4
	0,0
	0,56
	0,200
	0,0
	4,56
	0,200
	0,0
	244,56
	16,0
	0,0
	244,0
	28,0
152: j
 44
	0,0
	4,84
	252,252
	4,252
	4,4
	252,4
	0,0
	8,56
	0,184
	252,248
	248,252
	248,0
	252,4
	0,4
	4,4
	4,252
	252,252
	0,0
	4,56
	0,184
	252,248
	252,252
	0,0
	248,56
	16,0
153: k
 84
	0,0
	232,84
	0,172
	0,0
	236,84
	0,172
	0,0
	20,56
	216,216
	0,0
	0,32
	24,224
	0,0
	252,32
	24,224
	0,0
	220,84
	16,0
	0,0
	8,56
	24,0
	0,0
	220,0
	28,0
	0,0
	8,0
	24,0
154: l
 44
	0,0
	0,84
	0,172
	0,0
	4,84
	0,172
	0,0
	244,84
	16,0
	0,0
	244,0
	28,0
155: m
 132
	0,0
	212,56
	0,200
	0,0
	216,56
	0,200
	0,0
	216,44
	8,8
	12,4
	8,0
	12,252
	4,248
	0,212
	0,0
	244,56
	8,252
	4,248
	0,212
	0,0
	4,44
	8,8
	12,4
	8,0
	12,252
	4,248
	0,212
	0,0
	32,56
	8,252
	4,248
	0,212
	0,0
	200,56
	16,0
	0,0
	200,0
	28,0
	0,0
	244,0
	28,0
	0,0
	32,0
	28,0
156: n
 88
	0,0
	232,56
	0,200
	0,0
	236,56
	0,200
	0,0
	236,44
	8,8
	12,4
	8,0
	12,252
	4,248
	0,212
	0,0
	8,56
	8,252
	4,248
	0,212
	0,0
	220,56
	16,0
	0,0
	220,0
	28,0
	0,0
	8,0
	28,0
157: o
 80
	0,0
	252,56
	244,252
	248,248
	252,244
	0,248
	4,244
	8,248
	12,252
	8,0
	12,4
	8,8
	4,12
	0,8
	252,12
	248,8
	244,4
	248,0
	0,0
	252,56
	248,252
	248,248
	252,244
	0,248
	4,244
	8,248
	8,252
	0,0
	4,0
	8,4
	8,8
	4,12
	0,8
	252,12
	248,8
	248,4
160: p
 84
	0,0
	232,56
	0,172
	0,0
	236,56
	0,172
	0,0
	236,44
	8,8
	8,4
	8,0
	12,252
	8,248
	4,244
	0,248
	252,244
	248,248
	244,252
	248,0
	248,4
	248,8
	0,0
	4,56
	8,252
	8,248
	4,244
	0,248
	252,244
	248,248
	248,252
	0,0
	220,56
	16,0
	0,0
	220,228
	28,0
161: q
 80
	0,0
	20,56
	0,172
	0,0
	24,56
	0,172
	0,0
	20,44
	248,8
	248,4
	248,0
	244,252
	248,248
	252,244
	0,248
	4,244
	8,248
	12,252
	8,0
	8,4
	8,8
	0,0
	252,56
	248,252
	248,248
	252,244
	0,248
	4,244
	8,248
	8,252
	0,0
	8,228
	28,0
162: r
 68
	0,0
	240,56
	0,200
	0,0
	244,56
	0,200
	0,0
	244,32
	4,12
	8,8
	8,4
	12,0
	4,252
	0,252
	252,252
	252,4
	4,4
	0,0
	228,56
	16,0
	0,0
	228,0
	28,0
163: s
 68
	0,0
	20,48
	4,8
	0,240
	252,8
	252,4
	248,4
	240,0
	248,252
	252,252
	0,248
	4,252
	8,252
	20,248
	8,252
	4,252
	0,0
	236,44
	4,252
	8,252
	20,248
	8,252
	4,252
	0,244
	252,252
	248,252
	240,0
	248,4
	252,4
	252,8
	0,240
	4,8
164: t
 60
	0,0
	248,84
	0,188
	4,244
	8,252
	8,0
	8,4
	4,8
	0,0
	252,84
	0,188
	4,244
	4,252
	0,0
	236,56
	32,0
165: u
 88
	0,0
	232,56
	0,212
	4,248
	12,252
	8,0
	12,4
	8,8
	0,0
	236,56
	0,212
	4,248
	8,252
	0,0
	20,56
	0,200
	0,0
	24,56
	0,200
	0,0
	220,56
	16,0
	0,0
	8,56
	16,0
	0,0
	20,0
	16,0
166: v
 72
	0,0
	232,56
	24,200
	0,0
	236,56
	20,208
	0,0
	24,56
	232,200
	0,0
	224,56
	24,0
	0,0
	8,56
	24,0
167: w
 96
	0,0
	224,56
	16,200
	0,0
	228,56
	12,212
	0,0
	0,56
	240,200
	0,0
	0,56
	16,200
	0,0
	4,56
	12,212
	0,0
	32,56
	240,200
	0,0
	212,56
	28,0
	0,0
	20,56
	24,0
170: x
 80
	0,0
	232,56
	44,200
	0,0
	236,56
	44,200
	0,0
	24,56
	208,200
	0,0
	224,56
	24,0
	0,0
	8,56
	24,0
	0,0
	224,0
	24,0
	0,0
	8,0
	24,0
171: y
 76
	0,0
	232,56
	24,200
	0,0
	236,56
	20,208
	0,0
	24,56
	232,200
	248,240
	248,248
	248,252
	252,0
	252,4
	4,4
	4,252
	0,0
	224,56
	24,0
	0,0
	8,56
	24,0
172: z
 72
	0,0
	20,56
	212,200
	0,0
	24,56
	212,200
	0,0
	236,56
	252,240
	0,16
	48,0
	0,0
	232,0
	48,0
	0,16
	252,240
173: {
 56
	0,0
	8,100
	248,252
	252,252
	252,248
	0,248
	4,248
	4,252
	4,248
	0,248
	248,248
	0,0
	0,96
	252,248
	0,248
	4,248
	4,252
	4,248
	0,248
	252,248
	240,248
	16,248
	4,248
	0,248
	252,248
	252,252
	252,248
	0,248
	4,248
	0,0
	252,32
	8,248
	0,248
	252,248
	252,252
	252,248
	0,248
	4,248
	4,252
	8,252
174: |
 32
	0,0
	0,100
	0,128
175: }
 56
	0,0
	248,100
	8,252
	4,252
	4,248
	0,248
	252,248
	252,252
	252,248
	0,248
	8,248
	0,0
	0,96
	4,248
	0,248
	252,248
	252,252
	252,248
	0,248
	4,248
	16,248
	240,248
	252,248
	0,248
	4,248
	4,252
	4,248
	0,248
	252,248
	0,0
	4,32
	248,248
	0,248
	4,248
	4,252
	4,248
	0,248
	252,248
	252,252
	248,252
176: ~
 96
	0,0
	220,24
	0,8
	4,12
	8,4
	8,0
	8,252
	16,244
	8,252
	8,0
	8,4
	4,8
	0,0
	220,32
	4,8
	8,4
	8,0
	8,252
	16,244
	8,252
	8,0
	8,4
	4,12
	0,8
177:
 80
	0,0
	228,0
	16,0
	244,28
	252,16
	0,16
	4,12
	8,8
	12,4
	8,0
	12,252
	8,248
	4,244
	0,240
	252,240
	244,228
	16,0
