0:
 0
1:
 0
2:
 0
3:
 0
4:
 0
5:
 0
6:
 0
7:
 0
10:
 0
11:
 0
12:
 0
13:
 0
14:
 0
15:
 0
16:
 0
17:
 0
20:
 0
21:
 0
22:
 0
23:
 0
24:
 0
25:
 0
26:
 0
27:
 0
30:
 0
31:
 0
32:
 0
33:
 0
34:
 0
35:
 0
36:
 0
37:
 0
40:  
 0
41: !
 44
	0,0
	16,84
	252,0
	252,252
	248,204
	0,0
	16,80
	252,0
	244,204
	0,0
	16,80
	0,252
	240,208
	0,0
	16,84
	4,252
	0,252
	236,208
	0,0
	248,12
	252,252
	0,252
	4,252
	4,0
	4,4
	0,4
	252,4
	252,0
	0,0
	248,8
	0,252
	4,0
	0,4
	252,0
42: "
 80
	0,0
	248,84
	252,252
	248,232
	0,0
	248,80
	244,232
	0,0
	248,84
	4,252
	240,232
	0,0
	32,84
	252,252
	248,232
	0,0
	32,80
	244,232
	0,0
	32,84
	4,252
	240,232
43: #
 0
44: $
 84
	0,0
	8,100
	224,140
	0,0
	28,100
	224,140
	0,0
	32,64
	0,4
	252,0
	0,248
	8,0
	0,8
	252,8
	252,4
	244,4
	240,0
	244,252
	248,248
	0,244
	4,248
	8,248
	24,244
	4,248
	0,244
	252,248
	0,0
	240,60
	4,248
	28,240
	4,248
	0,0
	244,80
	252,248
	0,248
	4,248
	24,244
	8,248
	4,248
	0,244
	252,248
	252,252
	244,252
	240,0
	244,4
	252,4
	252,8
	0,8
	8,0
	0,248
	252,0
	0,4
45: %
 60
	0,0
	4,84
	248,252
	252,248
	0,248
	4,248
	8,252
	8,0
	8,4
	4,8
	0,8
	252,8
	248,4
	248,0
	0,0
	4,84
	244,244
	4,240
	16,252
	12,12
	252,16
	240,4
	0,0
	12,84
	240,252
	252,240
	12,244
	16,4
	4,16
	244,12
46: &
 104
	0,0
	40,48
	0,4
	252,0
	0,248
	8,0
	0,8
	252,4
	252,0
	248,252
	248,248
	236,224
	248,248
	248,252
	244,0
	244,4
	252,8
	0,8
	4,8
	4,4
	8,4
	20,8
	8,4
	8,8
	4,8
	0,8
	252,8
	248,4
	248,252
	252,248
	0,244
	4,232
	4,244
	4,248
	8,244
	8,252
	8,0
	4,8
	0,4
	0,0
	232,0
	240,4
	0,0
	220,4
	252,8
	0,8
	4,8
	4,4
	8,4
	0,0
	248,44
	4,244
	12,232
	8,252
	0,0
	228,0
	252,4
	252,8
	0,8
	4,8
	4,4
	8,4
	20,12
	0,0
	244,60
	4,244
	4,244
	8,240
	8,244
	8,252
	4,0
	4,4
47: '
 40
	0,0
	12,84
	252,252
	248,232
	0,0
	12,80
	244,232
	0,0
	12,84
	4,252
	240,232
50: (
 64
	0,0
	32,100
	248,252
	244,248
	244,244
	248,244
	248,240
	252,240
	0,236
	4,240
	4,244
	8,244
	0,0
	4,76
	248,244
	248,240
	252,236
	0,224
	0,0
	32,100
	244,248
	244,244
	248,244
	252,248
	252,244
	252,240
	252,220
	0,0
	240,28
	4,220
	4,244
	4,248
51: )
 64
	0,0
	4,100
	8,244
	4,244
	4,240
	0,236
	252,240
	248,240
	248,244
	244,244
	244,248
	248,252
	0,0
	16,76
	0,224
	252,236
	248,240
	248,244
	0,0
	4,100
	4,248
	4,244
	4,220
	0,0
	16,76
	252,220
	252,240
	252,244
	252,248
	248,244
	244,244
	244,248
52: *
 68
	0,0
	8,84
	252,252
	8,216
	252,252
	0,0
	8,84
	0,208
	0,0
	8,84
	4,252
	248,216
	4,252
	0,0
	244,72
	4,0
	32,232
	4,0
	0,0
	244,72
	40,232
	0,0
	244,72
	0,252
	40,240
	0,252
	0,0
	28,72
	252,0
	224,232
	252,0
	0,0
	28,72
	216,232
	0,0
	28,72
	0,252
	216,240
	0,252
53: +
 100
	0,0
	0,72
	0,188
	4,0
	0,0
	0,72
	4,0
	0,188
	0,0
	224,40
	68,0
	0,252
	0,0
	224,40
	0,252
	68,0
54: ,
 44
	0,0
	252,0
	252,0
	252,4
	0,4
	4,4
	4,0
	4,252
	0,248
	252,248
	252,252
	248,252
	0,0
	248,8
	0,252
	4,0
	0,4
	252,0
	0,0
	252,0
	0,252
	252,248
55: -
 100
	0,0
	224,40
	68,0
	0,252
	0,0
	224,40
	0,252
	68,0
56: .
 44
	0,0
	248,12
	252,252
	0,252
	4,252
	4,0
	4,4
	0,4
	252,4
	252,0
	0,0
	248,8
	0,252
	4,0
	0,4
	252,0
57: /
 92
	0,0
	52,100
	152,128
	4,0
	0,0
	52,100
	4,0
	152,128
60: 0
 84
	0,0
	8,84
	244,252
	248,248
	248,244
	252,244
	252,240
	0,244
	4,244
	4,252
	8,252
	8,0
	12,4
	8,8
	8,12
	4,12
	4,16
	0,12
	252,12
	252,4
	248,4
	248,0
	0,0
	252,76
	248,248
	252,248
	252,244
	252,240
	0,240
	4,248
	0,0
	8,8
	8,8
	4,8
	4,12
	4,16
	0,16
	252,8
	0,0
	8,84
	248,252
	248,244
	252,248
	252,244
	252,240
	0,236
	4,248
	4,252
	0,0
	252,0
	8,4
	8,12
	4,8
	4,12
	4,16
	0,20
	252,8
	252,4
61: 1
 84
	0,0
	8,68
	236,188
	8,0
	0,0
	20,84
	248,240
	236,188
	0,0
	20,84
	232,172
	0,0
	20,84
	244,244
	244,248
	248,252
	0,0
	8,68
	248,252
	244,252
62: 2
 84
	0,0
	244,64
	0,4
	4,0
	0,248
	248,0
	0,8
	4,8
	4,4
	12,4
	12,0
	12,252
	4,248
	0,248
	252,248
	248,248
	216,232
	248,248
	248,240
	0,0
	24,80
	4,248
	0,248
	252,248
	248,248
	244,248
	0,0
	16,84
	4,252
	4,248
	0,248
	252,248
	248,248
	224,232
	0,0
	224,8
	4,4
	8,0
	20,252
	20,0
	4,4
	0,0
	236,12
	20,248
	20,0
	0,0
	236,12
	20,244
	12,0
	8,4
	4,8
	0,4
63: 3
 84
	0,0
	244,64
	0,4
	4,0
	0,248
	248,0
	0,8
	4,8
	4,4
	12,4
	12,0
	12,252
	4,248
	0,248
	252,248
	252,252
	248,252
	244,252
	0,0
	24,80
	4,248
	0,248
	252,248
	252,252
	0,0
	16,84
	4,252
	4,248
	0,248
	252,248
	248,248
	248,252
	0,0
	252,44
	8,0
	12,252
	4,252
	4,248
	0,244
	252,248
	248,252
	244,252
	244,0
	244,4
	252,4
	252,8
	0,8
	8,0
	0,248
	252,0
	0,4
	0,0
	16,36
	4,248
	0,244
	252,248
	0,0
	4,44
	8,252
	4,248
	0,240
	252,248
	252,252
	248,252
64: 4
 84
	0,0
	20,68
	236,188
	8,0
	0,0
	32,84
	248,240
	236,188
	0,0
	32,84
	232,172
	0,0
	32,84
	192,196
	64,0
65: 5
 84
	0,0
	252,84
	236,216
	0,0
	252,84
	40,0
	0,0
	252,80
	32,0
	0,0
	248,76
	20,0
	16,4
	8,4
	0,0
	232,44
	4,4
	12,4
	12,0
	12,252
	4,252
	4,248
	0,244
	252,244
	248,248
	240,252
	244,0
	248,4
	252,4
	252,8
	0,8
	8,0
	0,248
	252,0
	0,4
	0,0
	16,44
	4,248
	0,244
	252,244
	248,248
	0,0
	4,52
	8,252
	4,248
	0,240
	252,244
	248,248
	248,252
66: 6
 84
	0,0
	28,68
	0,4
	252,0
	0,248
	8,0
	0,8
	252,8
	248,4
	244,0
	244,252
	248,248
	248,244
	252,244
	252,240
	0,244
	4,244
	4,252
	8,252
	12,0
	12,4
	8,8
	4,8
	0,12
	252,8
	252,4
	248,4
	244,0
	248,252
	252,252
	252,248
	0,0
	248,72
	248,244
	252,244
	252,240
	0,240
	4,248
	0,0
	16,12
	4,8
	0,12
	252,8
	0,0
	8,84
	248,252
	248,244
	252,248
	252,244
	252,240
	0,236
	4,248
	4,252
	0,0
	0,0
	8,4
	4,4
	4,12
	0,16
	252,8
	252,4
67: 7
 84
	0,0
	240,84
	248,232
	0,0
	36,84
	252,244
	248,244
	240,236
	248,244
	252,244
	252,240
	0,0
	0,32
	248,240
	252,240
	0,0
	24,60
	232,232
	248,244
	252,248
	252,240
	8,0
	0,0
	236,72
	12,12
	8,0
	20,244
	0,0
	244,80
	12,0
	20,248
	0,0
	236,72
	8,4
	12,0
	20,252
	8,0
	4,4
	4,8
70: 8
 84
	0,0
	4,84
	244,252
	252,252
	252,248
	0,244
	4,248
	8,252
	12,0
	12,4
	8,4
	4,8
	0,12
	252,8
	248,4
	240,0
	0,0
	12,84
	236,252
	0,0
	248,76
	252,248
	0,240
	4,252
	0,0
	244,48
	12,252
	0,0
	4,44
	16,4
	0,0
	24,52
	4,8
	0,12
	252,8
	0,0
	28,80
	240,4
	0,0
	4,84
	248,248
	252,248
	0,240
	4,248
	0,0
	8,44
	8,4
	4,4
	4,8
	0,16
	252,8
	0,0
	252,44
	240,252
	248,248
	252,248
	0,244
	4,248
	12,252
	16,0
	16,4
	4,4
	4,8
	0,12
	252,8
	252,4
	248,4
	0,0
	0,44
	236,252
	0,0
	240,40
	248,248
	252,248
	0,244
	4,248
	0,0
	228,4
	20,252
	24,4
	0,0
	16,8
	4,8
	0,12
	252,8
	0,0
	16,40
	244,4
	0,0
	252,44
	248,252
	248,248
	252,248
	0,244
	4,248
	4,252
	0,0
	0,0
	8,4
	4,4
	4,8
	0,16
	252,8
	252,4
71: 9
 84
	0,0
	24,52
	252,248
	252,252
	248,252
	244,0
	248,4
	252,4
	252,8
	0,12
	4,8
	8,8
	12,4
	12,0
	8,252
	4,252
	4,244
	0,244
	252,240
	252,244
	248,244
	248,248
	244,252
	244,0
	248,4
	252,8
	0,8
	8,0
	0,248
	252,0
	0,4
	0,0
	244,44
	252,8
	0,12
	4,8
	0,0
	24,76
	4,248
	0,240
	252,240
	252,244
	248,244
	0,0
	252,36
	252,4
	252,8
	0,16
	4,12
	4,4
	8,4
	0,0
	16,84
	4,252
	4,248
	0,236
	252,240
	252,244
	252,248
	248,244
	248,252
72: :
 44
	0,0
	4,56
	252,252
	0,252
	4,252
	4,0
	4,4
	0,4
	252,4
	252,0
	0,0
	4,52
	0,252
	4,0
	0,4
	252,0
	0,0
	248,12
	252,252
	0,252
	4,252
	4,0
	4,4
	0,4
	252,4
	252,0
	0,0
	248,8
	0,252
	4,0
	0,4
	252,0
73: ;
 44
	0,0
	4,56
	252,252
	0,252
	4,252
	4,0
	4,4
	0,4
	252,4
	252,0
	0,0
	4,52
	0,252
	4,0
	0,4
	252,0
	0,0
	252,0
	252,0
	252,4
	0,4
	4,4
	4,0
	4,252
	0,248
	252,248
	252,252
	248,252
	0,0
	248,8
	0,252
	4,0
	0,4
	252,0
	0,0
	252,0
	0,252
	252,248
74: <
 0
75: =
 100
	0,0
	224,56
	68,0
	0,252
	0,0
	224,56
	0,252
	68,0
	0,0
	224,24
	68,0
	0,252
	0,0
	224,24
	0,252
	68,0
76: >
 0
77: ?
 84
	0,0
	244,64
	0,4
	4,0
	0,248
	248,0
	0,8
	4,8
	4,4
	12,4
	16,0
	12,252
	4,248
	0,248
	252,248
	252,252
	248,252
	240,252
	248,252
	0,248
	8,252
	4,0
	0,0
	12,84
	20,252
	0,0
	28,80
	4,248
	0,248
	252,248
	252,252
	248,252
	0,0
	20,84
	4,252
	4,248
	0,248
	252,248
	252,252
	240,248
	252,252
	0,248
	4,252
	0,0
	248,12
	252,252
	0,252
	4,252
	4,0
	4,4
	0,4
	252,4
	252,0
	0,0
	248,8
	0,252
	4,0
	0,4
	252,0
100: @
 0
101: A
 80
	0,0
	12,84
	208,176
	0,0
	4,68
	4,188
	0,0
	8,76
	4,184
	0,0
	12,84
	0,248
	4,188
	0,248
	0,0
	232,24
	32,0
	0,0
	208,0
	24,0
	0,0
	252,0
	28,0
	0,0
	220,4
	248,252
	0,0
	220,4
	8,252
	0,0
	8,4
	248,252
	0,0
	8,8
	252,248
	0,0
	16,8
	4,248
102: B
 96
	0,0
	244,84
	232,172
	0,0
	248,84
	232,172
	0,0
	252,84
	232,172
	0,0
	232,84
	44,0
	12,252
	4,248
	0,248
	252,244
	252,252
	244,252
	0,0
	28,80
	4,248
	0,248
	252,244
	252,252
	0,0
	20,84
	4,252
	4,248
	0,248
	252,244
	248,248
	0,0
	240,44
	32,0
	8,252
	4,248
	0,248
	252,244
	248,248
	240,252
	208,0
	0,0
	20,40
	4,248
	0,248
	252,244
	248,248
	0,0
	16,44
	4,248
	0,244
	252,244
	248,248
	248,252
	0,0
	236,84
	12,252
	0,0
	240,84
	4,248
	0,0
	0,84
	248,248
	0,0
	4,84
	244,252
	0,0
	224,4
	244,252
	0,0
	224,8
	248,248
	0,0
	228,8
	4,248
	0,0
	224,4
	12,252
103: C
 84
	0,0
	32,76
	4,0
	4,8
	252,232
	0,8
	252,8
	252,4
	248,4
	244,0
	244,252
	248,248
	248,244
	252,244
	252,240
	0,244
	4,244
	4,252
	12,252
	12,0
	8,4
	8,8
	4,8
	0,0
	252,76
	248,248
	252,248
	252,244
	252,240
	0,240
	4,248
	0,0
	8,84
	248,252
	248,244
	252,248
	252,244
	252,240
	0,236
	4,248
	8,252
104: D
 92
	0,0
	244,84
	232,172
	0,0
	248,84
	232,172
	0,0
	252,84
	232,172
	0,0
	232,84
	36,0
	12,252
	4,252
	4,244
	0,240
	252,240
	248,240
	248,248
	248,252
	240,252
	220,0
	0,0
	20,80
	4,252
	4,244
	0,240
	252,240
	248,240
	248,248
	0,0
	12,84
	8,248
	4,244
	0,240
	252,240
	248,240
	244,244
	244,252
	0,0
	236,84
	12,252
	0,0
	240,84
	4,248
	0,0
	0,84
	248,248
	0,0
	4,84
	244,252
	0,0
	224,4
	244,252
	0,0
	224,8
	248,248
	0,0
	228,8
	4,248
	0,0
	224,4
	12,252
105: E
 92
	0,0
	244,84
	232,172
	0,0
	248,84
	232,172
	0,0
	252,84
	232,172
	0,0
	12,60
	248,224
	0,0
	232,84
	60,0
	252,232
	0,0
	240,44
	24,0
	0,0
	208,0
	60,0
	8,20
	0,0
	236,84
	12,252
	0,0
	240,84
	4,248
	0,0
	0,84
	248,248
	0,0
	4,84
	244,252
	0,0
	20,84
	12,252
	0,0
	24,84
	8,248
	0,0
	28,84
	4,244
	0,0
	32,84
	0,232
	0,0
	12,60
	248,240
	0,240
	0,0
	8,52
	248,248
	4,248
	0,0
	8,48
	244,252
	8,252
	0,0
	224,4
	244,252
	0,0
	224,8
	248,248
	0,0
	228,8
	4,248
	0,0
	224,4
	12,252
	0,0
	248,0
	20,4
	0,0
	0,0
	12,8
	0,0
	12,8
	8,12
106: F
 88
	0,0
	244,84
	232,172
	0,0
	248,84
	232,172
	0,0
	252,84
	232,172
	0,0
	12,60
	248,224
	0,0
	232,84
	60,0
	252,232
	0,0
	240,44
	24,0
	0,0
	208,0
	32,0
	0,0
	236,84
	12,252
	0,0
	240,84
	4,248
	0,0
	0,84
	248,248
	0,0
	4,84
	244,252
	0,0
	20,84
	12,252
	0,0
	24,84
	8,248
	0,0
	28,84
	4,244
	0,0
	32,84
	0,232
	0,0
	12,60
	248,240
	0,240
	0,0
	8,52
	248,248
	4,248
	0,0
	8,48
	244,252
	8,252
	0,0
	224,4
	244,252
	0,0
	224,8
	248,248
	0,0
	228,8
	4,248
	0,0
	224,4
	12,252
107: G
 88
	0,0
	32,76
	4,0
	4,8
	252,232
	0,8
	252,8
	252,4
	248,4
	244,0
	244,252
	248,248
	248,244
	252,244
	252,240
	0,244
	4,244
	4,252
	12,252
	8,0
	12,4
	8,8
	8,16
	0,0
	252,76
	248,248
	252,248
	252,244
	252,240
	0,240
	4,248
	0,0
	16,12
	4,4
	4,12
	0,0
	8,84
	248,252
	248,244
	252,248
	252,244
	252,240
	0,236
	4,248
	8,252
	0,0
	0,0
	8,4
	8,12
	4,12
	0,0
	8,28
	32,0
	0,0
	12,28
	8,252
	0,0
	16,28
	4,244
	0,0
	32,28
	248,248
	0,0
	36,28
	244,252
110: H
 104
	0,0
	240,84
	232,172
	0,0
	244,84
	232,172
	0,0
	248,84
	232,172
	0,0
	32,84
	232,172
	0,0
	36,84
	232,172
	0,0
	40,84
	232,172
	0,0
	228,84
	32,0
	0,0
	20,84
	32,0
	0,0
	232,44
	48,0
	0,0
	204,0
	32,0
	0,0
	252,0
	32,0
	0,0
	232,84
	12,252
	0,0
	236,84
	4,248
	0,0
	252,84
	248,248
	0,0
	0,84
	244,252
	0,0
	24,84
	12,252
	0,0
	28,84
	4,248
	0,0
	44,84
	248,248
	0,0
	48,84
	244,252
	0,0
	220,4
	244,252
	0,0
	220,8
	248,248
	0,0
	224,8
	4,248
	0,0
	220,4
	12,252
	0,0
	12,4
	244,252
	0,0
	12,8
	248,248
	0,0
	16,8
	4,248
	0,0
	12,4
	12,252
111: I
 56
	0,0
	8,84
	232,172
	0,0
	12,84
	232,172
	0,0
	16,84
	232,172
	0,0
	252,84
	32,0
	0,0
	228,0
	32,0
	0,0
	0,84
	12,252
	0,0
	4,84
	4,248
	0,0
	20,84
	248,248
	0,0
	24,84
	244,252
	0,0
	244,4
	244,252
	0,0
	244,8
	248,248
	0,0
	248,8
	4,248
	0,0
	244,4
	12,252
112: J
 76
	0,0
	20,84
	236,188
	252,248
	248,248
	0,0
	24,84
	240,204
	252,244
	252,248
	0,0
	28,84
	240,204
	248,236
	248,248
	248,252
	248,0
	248,4
	252,8
	0,8
	4,4
	4,0
	4,252
	0,252
	252,252
	252,0
	0,0
	228,20
	0,252
	4,0
	0,4
	252,0
	0,0
	8,84
	32,0
	0,0
	12,84
	12,252
	0,0
	16,84
	4,248
	0,0
	32,84
	248,248
	0,0
	36,84
	244,252
113: K
 92
	0,0
	244,84
	232,172
	0,0
	248,84
	232,172
	0,0
	252,84
	232,172
	0,0
	40,80
	196,212
	0,0
	252,48
	16,208
	0,0
	0,48
	16,208
	0,0
	4,52
	16,208
	0,0
	232,84
	32,0
	0,0
	28,84
	24,0
	0,0
	208,0
	32,0
	0,0
	0,0
	28,0
	0,0
	236,84
	12,252
	0,0
	240,84
	4,248
	0,0
	0,84
	248,248
	0,0
	4,84
	244,252
	0,0
	32,84
	8,252
	0,0
	48,84
	248,252
	0,0
	224,4
	244,252
	0,0
	224,8
	248,248
	0,0
	228,8
	4,248
	0,0
	224,4
	12,252
	0,0
	12,4
	248,252
	0,0
	12,8
	252,248
	0,0
	16,8
	8,248
114: L
 80
	0,0
	252,84
	232,172
	0,0
	0,84
	232,172
	0,0
	4,84
	232,172
	0,0
	240,84
	32,0
	0,0
	216,0
	60,0
	8,24
	0,0
	244,84
	12,252
	0,0
	248,84
	4,248
	0,0
	8,84
	248,248
	0,0
	12,84
	244,252
	0,0
	232,4
	244,252
	0,0
	232,8
	248,248
	0,0
	236,8
	4,248
	0,0
	232,4
	12,252
	0,0
	0,0
	20,4
	0,0
	8,0
	16,12
	0,0
	16,0
	12,24
115: M
 112
	0,0
	236,84
	232,176
	0,0
	236,80
	4,184
	0,248
	0,0
	240,84
	4,180
	0,0
	244,84
	4,184
	0,0
	36,84
	212,184
	248,244
	0,0
	36,84
	232,172
	0,0
	40,84
	232,172
	0,0
	44,84
	232,172
	0,0
	224,84
	20,0
	0,0
	36,84
	20,0
	0,0
	200,0
	24,0
	0,0
	0,0
	32,0
	0,0
	228,84
	8,252
	0,0
	232,84
	4,248
	0,0
	48,84
	248,248
	0,0
	52,84
	244,252
	0,0
	212,4
	248,252
	0,0
	212,4
	8,252
	0,0
	16,4
	244,252
	0,0
	16,8
	248,248
	0,0
	20,8
	4,248
	0,0
	16,4
	12,252
116: N
 100
	0,0
	244,84
	232,176
	0,0
	244,84
	28,172
	0,0
	248,84
	24,184
	0,0
	252,84
	24,184
	0,0
	40,80
	236,188
	252,244
	0,0
	232,84
	20,0
	0,0
	28,84
	24,0
	0,0
	208,0
	24,0
	0,0
	236,84
	12,252
	0,0
	240,84
	8,248
	0,0
	32,84
	8,252
	0,0
	48,84
	248,252
	0,0
	220,4
	248,252
	0,0
	220,4
	8,252
117: O
 88
	0,0
	4,84
	244,252
	248,248
	248,244
	252,244
	252,240
	0,244
	4,244
	4,252
	8,252
	12,0
	12,4
	8,8
	8,12
	4,12
	4,16
	0,12
	252,12
	252,4
	248,4
	244,0
	0,0
	244,72
	248,244
	252,244
	252,240
	0,240
	4,248
	0,0
	12,12
	8,12
	4,12
	4,16
	0,16
	252,8
	0,0
	4,84
	248,252
	248,244
	252,248
	252,244
	252,240
	0,236
	4,248
	4,252
	0,0
	252,0
	8,4
	8,12
	4,8
	4,12
	4,16
	0,20
	252,8
	252,4
120: P
 92
	0,0
	244,84
	232,172
	0,0
	248,84
	232,172
	0,0
	252,84
	232,172
	0,0
	232,84
	48,0
	12,252
	4,248
	0,248
	252,244
	248,248
	240,252
	224,0
	0,0
	32,80
	4,248
	0,248
	252,244
	248,248
	0,0
	24,84
	4,252
	4,248
	0,248
	252,244
	248,248
	248,252
	0,0
	208,0
	32,0
	0,0
	236,84
	12,252
	0,0
	240,84
	4,248
	0,0
	0,84
	248,248
	0,0
	4,84
	244,252
	0,0
	224,4
	244,252
	0,0
	224,8
	248,248
	0,0
	228,8
	4,248
	0,0
	224,4
	12,252
121: Q
 88
	0,0
	4,84
	244,252
	248,248
	248,244
	252,244
	252,240
	0,244
	4,244
	4,252
	8,252
	12,0
	12,4
	8,8
	8,12
	4,12
	4,16
	0,12
	252,12
	252,4
	248,4
	244,0
	0,0
	244,72
	248,244
	252,244
	252,240
	0,240
	4,248
	0,0
	12,12
	8,12
	4,12
	4,16
	0,16
	252,8
	0,0
	4,84
	248,252
	248,244
	252,248
	252,244
	252,240
	0,236
	4,248
	4,252
	0,0
	252,0
	8,4
	8,12
	4,8
	4,12
	4,16
	0,20
	252,8
	252,4
	0,0
	232,12
	4,8
	8,4
	4,0
	8,252
	4,248
	4,236
	4,252
	4,0
	4,4
	0,0
	8,244
	4,252
	4,0
	0,0
	4,12
	0,228
	4,252
	8,0
	4,12
	0,4
122: R
 96
	0,0
	244,84
	232,172
	0,0
	248,84
	232,172
	0,0
	252,84
	232,172
	0,0
	232,84
	44,0
	12,252
	4,248
	0,248
	252,244
	252,252
	244,252
	224,0
	0,0
	28,80
	4,248
	0,248
	252,244
	252,252
	0,0
	20,84
	4,252
	4,248
	0,248
	252,244
	248,248
	0,0
	0,44
	8,252
	4,252
	8,232
	4,252
	4,0
	4,4
	0,0
	20,8
	4,252
	4,0
	0,0
	12,36
	4,224
	4,252
	8,0
	4,12
	0,4
	0,0
	208,0
	32,0
	0,0
	236,84
	12,252
	0,0
	240,84
	4,248
	0,0
	0,84
	248,248
	0,0
	4,84
	244,252
	0,0
	224,4
	244,252
	0,0
	224,8
	248,248
	0,0
	228,8
	4,248
	0,0
	224,4
	12,252
123: S
 92
	0,0
	32,76
	4,0
	4,8
	252,232
	0,8
	252,8
	252,4
	244,4
	240,0
	244,252
	248,248
	0,244
	4,248
	8,248
	24,244
	4,248
	0,244
	252,248
	0,0
	240,60
	4,248
	28,240
	4,248
	0,0
	244,80
	252,248
	0,248
	4,248
	24,244
	8,248
	4,248
	0,244
	252,248
	252,252
	244,252
	240,0
	244,4
	252,4
	252,8
	0,8
	252,232
	4,8
	4,0
124: T
 88
	0,0
	8,84
	232,172
	0,0
	12,84
	232,172
	0,0
	16,84
	232,172
	0,0
	236,84
	248,232
	0,0
	44,84
	252,232
	0,0
	236,84
	64,0
	0,0
	228,0
	32,0
	0,0
	240,84
	244,232
	0,0
	248,84
	240,244
	0,0
	0,84
	236,252
	0,0
	28,84
	12,252
	0,0
	32,84
	8,248
	0,0
	36,84
	4,244
	0,0
	40,84
	0,232
	0,0
	244,4
	244,252
	0,0
	244,8
	248,248
	0,0
	248,8
	4,248
	0,0
	244,4
	12,252
125: U
 100
	0,0
	240,84
	244,212
	252,240
	0,244
	4,248
	12,252
	16,0
	12,4
	8,8
	4,12
	16,56
	0,0
	244,84
	244,212
	252,240
	0,240
	4,252
	0,0
	248,84
	244,212
	252,240
	0,240
	8,248
	0,0
	228,84
	32,0
	0,0
	28,84
	24,0
	0,0
	232,84
	12,252
	0,0
	236,84
	4,248
	0,0
	252,84
	248,248
	0,0
	0,84
	244,252
	0,0
	32,84
	8,252
	0,0
	48,84
	248,252
126: V
 80
	0,0
	240,84
	0,248
	4,188
	0,248
	0,0
	244,80
	4,188
	0,0
	248,84
	4,188
	0,0
	36,80
	208,176
	0,0
	232,84
	28,0
	0,0
	24,84
	24,0
	0,0
	236,84
	4,248
	0,0
	252,84
	252,248
	0,0
	0,84
	244,252
	0,0
	28,84
	8,252
	0,0
	44,84
	248,252
127: W
 104
	0,0
	236,84
	0,248
	248,188
	0,248
	0,0
	240,80
	248,188
	0,0
	244,84
	248,188
	0,0
	12,84
	224,188
	248,240
	0,0
	12,84
	0,248
	248,188
	0,248
	0,0
	16,80
	248,188
	0,0
	20,84
	248,188
	0,0
	44,80
	224,192
	248,240
	0,0
	224,84
	32,0
	0,0
	12,84
	8,0
	0,0
	32,84
	24,0
	0,0
	228,84
	12,252
	0,0
	232,84
	4,248
	0,0
	248,84
	248,244
	0,0
	252,84
	244,252
	0,0
	36,84
	8,252
	0,0
	52,84
	248,252
130: X
 88
	0,0
	240,84
	24,172
	0,0
	244,84
	24,172
	0,0
	248,84
	24,172
	0,0
	36,80
	184,180
	0,0
	232,84
	28,0
	0,0
	24,84
	24,0
	0,0
	208,0
	24,0
	0,0
	252,0
	28,0
	0,0
	236,84
	8,248
	0,0
	252,84
	252,248
	0,0
	0,84
	248,252
	0,0
	28,84
	8,252
	0,0
	44,84
	248,252
	0,0
	220,4
	248,252
	0,0
	220,4
	8,252
	0,0
	8,4
	248,252
	0,0
	8,8
	252,248
	0,0
	12,8
	8,248
131: Y
 88
	0,0
	236,84
	16,216
	244,212
	0,0
	240,84
	16,216
	244,212
	0,0
	244,84
	16,216
	244,212
	0,0
	40,80
	220,220
	0,0
	228,84
	28,0
	0,0
	28,84
	24,0
	0,0
	228,0
	32,0
	0,0
	232,84
	8,252
	0,0
	248,84
	252,248
	0,0
	252,84
	244,252
	0,0
	32,84
	8,252
	0,0
	48,84
	248,252
	0,0
	244,4
	244,252
	0,0
	244,8
	248,248
	0,0
	248,8
	4,248
	0,0
	244,4
	12,252
132: Z
 88
	0,0
	32,84
	184,172
	0,0
	36,84
	184,172
	0,0
	40,84
	184,172
	0,0
	40,84
	200,0
	248,232
	0,0
	216,0
	56,0
	8,24
	0,0
	244,84
	244,232
	0,0
	248,84
	244,244
	0,0
	0,84
	240,252
	0,0
	0,0
	16,4
	0,0
	8,0
	12,12
	0,0
	12,0
	12,24
133: [
 0
134: \
 0
135: ]
 0
136: ^
 44
	0,0
	20,84
	248,252
	252,252
	252,248
	0,248
	4,252
	4,0
	4,4
	0,4
	252,4
	252,0
	0,0
	12,80
	252,248
	0,252
	0,0
	8,64
	0,252
	4,0
	0,4
	252,0
137: _
 0
140: `
 0
141: a
 88
	0,0
	20,56
	248,228
	0,240
	4,248
	4,252
	8,0
	8,8
	4,8
	0,0
	24,56
	248,228
	0,232
	0,0
	20,56
	8,0
	248,228
	252,240
	0,0
	12,28
	0,12
	252,12
	248,4
	248,0
	244,252
	248,244
	252,244
	0,248
	4,244
	4,252
	8,252
	8,0
	8,4
	4,4
	4,8
	4,12
	0,0
	240,52
	248,244
	252,244
	0,244
	4,248
	0,0
	248,56
	248,248
	252,248
	252,244
	0,244
	4,244
	4,252
142: b
 76
	0,0
	248,84
	248,228
	252,232
	0,240
	4,248
	4,252
	8,252
	8,0
	12,4
	8,12
	4,12
	0,8
	252,12
	252,4
	248,4
	248,0
	248,252
	252,252
	252,248
	252,244
	0,0
	252,84
	248,228
	252,240
	0,232
	4,244
	0,0
	16,8
	4,8
	4,12
	0,12
	252,8
	0,0
	236,84
	20,0
	248,228
	248,228
	0,0
	4,0
	8,8
	4,8
	4,12
	0,12
	252,12
	252,4
	0,0
	240,84
	12,252
	0,0
	244,84
	4,248
143: c
 72
	0,0
	20,40
	0,4
	252,0
	0,248
	8,0
	0,8
	252,8
	248,4
	244,0
	244,252
	248,244
	252,244
	0,248
	4,244
	4,252
	8,252
	8,0
	12,4
	8,12
	0,0
	244,48
	252,248
	252,244
	0,244
	4,248
	0,0
	0,56
	248,248
	252,248
	252,244
	0,244
	4,244
	4,252
144: d
 88
	0,0
	28,84
	244,212
	252,240
	0,244
	4,248
	4,252
	8,0
	8,8
	4,8
	0,0
	32,84
	244,212
	252,240
	0,236
	0,0
	16,84
	20,0
	240,200
	252,240
	0,0
	12,28
	0,12
	252,12
	248,4
	248,0
	244,252
	248,244
	252,244
	0,248
	4,244
	4,252
	8,252
	8,0
	8,4
	4,4
	4,8
	4,12
	0,0
	236,48
	252,248
	252,244
	0,244
	4,248
	0,0
	248,56
	248,248
	252,248
	252,244
	0,244
	4,244
	4,252
	0,0
	20,84
	12,252
	0,0
	24,84
	4,248
145: e
 72
	0,0
	236,20
	16,4
	12,4
	12,8
	4,8
	252,8
	248,4
	244,0
	244,252
	248,244
	252,244
	0,248
	4,244
	4,252
	8,252
	8,0
	12,4
	8,8
	0,0
	244,48
	252,248
	252,244
	0,244
	4,248
	0,0
	0,56
	248,248
	252,248
	252,244
	0,244
	4,244
	4,252
146: f
 64
	0,0
	32,76
	0,4
	252,0
	0,248
	8,0
	0,8
	252,4
	248,0
	248,252
	248,248
	252,248
	252,244
	252,240
	248,220
	252,244
	252,248
	248,248
	0,0
	8,68
	252,244
	252,236
	248,220
	252,244
	0,0
	24,84
	248,248
	252,248
	252,244
	252,236
	248,224
	252,244
	252,248
	248,248
	248,252
	248,0
	252,4
	0,8
	8,0
	0,248
	252,0
	0,4
	0,0
	240,56
	44,0
147: g
 84
	0,0
	24,56
	240,200
	252,244
	248,244
	248,252
	0,0
	28,56
	240,200
	248,240
	0,0
	24,56
	8,0
	240,200
	248,240
	248,248
	244,252
	244,0
	248,4
	252,4
	0,8
	8,0
	0,248
	252,0
	0,4
	0,0
	16,28
	0,12
	252,12
	248,4
	248,0
	244,252
	248,244
	252,244
	0,248
	4,244
	4,252
	8,252
	8,0
	8,4
	4,4
	4,8
	4,12
	0,0
	240,48
	252,248
	252,244
	0,244
	4,248
	0,0
	252,56
	248,248
	252,248
	252,244
	0,244
	4,244
	4,252
150: h
 88
	0,0
	244,84
	232,172
	8,0
	0,0
	248,84
	232,172
	0,0
	232,84
	20,0
	232,172
	0,0
	236,28
	8,16
	8,8
	8,4
	8,0
	8,252
	4,248
	0,244
	248,236
	0,0
	20,52
	0,240
	252,240
	0,240
	0,0
	20,44
	248,236
	0,244
	4,248
	4,252
	8,0
	8,8
	4,8
	0,0
	236,84
	12,252
	0,0
	240,84
	4,248
151: i
 52
	0,0
	4,84
	0,248
	8,0
	0,8
	248,0
	0,0
	8,84
	0,248
	0,0
	4,80
	8,0
	0,0
	232,40
	4,8
	8,8
	8,0
	4,252
	4,248
	0,244
	248,236
	0,0
	0,52
	0,240
	252,240
	0,240
	0,0
	0,44
	248,236
	0,244
	4,248
	4,252
	8,0
	8,8
	4,8
152: j
 52
	0,0
	12,84
	0,248
	8,0
	0,8
	248,0
	0,0
	16,84
	0,248
	0,0
	12,80
	8,0
	0,0
	236,40
	4,8
	8,8
	8,0
	4,252
	4,248
	0,244
	248,228
	252,244
	252,248
	248,248
	248,252
	248,0
	252,4
	0,8
	8,0
	0,248
	252,0
	0,4
	0,0
	4,52
	0,236
	248,228
	252,244
	252,248
	0,0
	4,44
	252,240
	248,228
	252,244
	252,248
	248,248
153: k
 88
	0,0
	244,84
	232,172
	8,0
	0,0
	248,84
	232,172
	0,0
	232,84
	20,0
	232,172
	0,0
	28,48
	0,4
	252,0
	0,248
	8,0
	0,8
	252,4
	248,0
	248,252
	240,240
	248,252
	0,0
	236,32
	8,0
	8,252
	4,252
	8,240
	4,252
	8,0
	0,0
	252,24
	8,240
	4,252
	0,0
	244,32
	4,252
	8,232
	4,252
	8,0
	8,4
	8,12
	0,0
	236,84
	12,252
	0,0
	240,84
	4,248
154: l
 48
	0,0
	8,84
	244,212
	252,240
	0,244
	4,248
	4,252
	8,0
	8,8
	4,8
	0,0
	12,84
	244,212
	252,240
	0,236
	0,0
	252,84
	20,0
	240,200
	252,240
	0,0
	0,84
	12,252
	0,0
	4,84
	4,248
155: m
 140
	0,0
	188,40
	4,8
	8,8
	8,0
	4,252
	4,248
	0,244
	248,224
	0,0
	212,52
	0,236
	248,224
	0,0
	212,44
	252,240
	248,228
	8,0
	0,0
	216,32
	8,12
	8,8
	8,4
	8,0
	8,252
	4,248
	0,244
	248,224
	0,0
	0,52
	0,236
	248,224
	0,0
	0,44
	252,240
	248,228
	8,0
	0,0
	4,32
	8,12
	8,8
	8,4
	8,0
	8,252
	4,248
	0,244
	248,236
	0,0
	44,52
	0,240
	252,240
	0,240
	0,0
	44,44
	248,236
	0,244
	4,248
	4,252
	8,0
	8,8
	4,8
156: n
 96
	0,0
	212,40
	4,8
	8,8
	8,0
	4,252
	4,248
	0,244
	248,224
	0,0
	236,52
	0,236
	248,224
	0,0
	236,44
	252,240
	248,228
	8,0
	0,0
	240,32
	8,12
	8,8
	8,4
	8,0
	8,252
	4,248
	0,244
	248,236
	0,0
	24,52
	0,240
	252,240
	0,240
	0,0
	24,44
	248,236
	0,244
	4,248
	4,252
	8,0
	8,8
	4,8
157: o
 80
	0,0
	252,56
	244,252
	248,244
	252,244
	0,248
	4,244
	4,252
	12,252
	12,0
	12,4
	8,12
	4,12
	0,8
	252,12
	252,4
	244,4
	244,0
	0,0
	240,48
	252,248
	252,244
	0,244
	4,248
	0,0
	16,8
	4,8
	4,12
	0,12
	252,8
	0,0
	252,56
	248,248
	252,248
	252,244
	0,244
	4,244
	8,252
	0,0
	4,0
	8,8
	4,8
	4,12
	0,12
	252,12
	248,4
160: p
 88
	0,0
	216,40
	4,8
	8,8
	8,0
	4,252
	4,248
	0,244
	252,240
	244,212
	0,0
	240,52
	0,236
	252,240
	244,212
	0,0
	240,44
	252,240
	240,200
	0,0
	244,28
	4,12
	4,8
	4,4
	8,4
	8,0
	8,252
	4,252
	4,244
	0,248
	252,244
	248,244
	244,252
	248,0
	248,4
	252,12
	0,12
	0,0
	24,48
	4,248
	0,244
	252,244
	252,248
	0,0
	16,56
	4,252
	4,244
	0,244
	252,244
	252,248
	248,248
	0,0
	208,228
	32,0
	0,0
	224,232
	244,252
	0,0
	224,236
	248,248
	0,0
	228,236
	4,248
	0,0
	224,232
	12,252
161: q
 84
	0,0
	20,56
	232,172
	0,0
	24,56
	232,172
	0,0
	20,56
	8,0
	232,172
	0,0
	12,28
	0,12
	252,12
	248,4
	248,0
	244,252
	248,244
	252,244
	0,248
	4,244
	4,252
	8,252
	8,0
	8,4
	4,4
	4,8
	4,12
	0,0
	236,48
	252,248
	252,244
	0,244
	4,248
	0,0
	248,56
	248,248
	252,248
	252,244
	0,244
	4,244
	4,252
	0,0
	240,228
	32,0
	0,0
	0,232
	244,252
	0,0
	0,236
	248,248
	0,0
	4,236
	4,248
	0,0
	0,232
	12,252
162: r
 72
	0,0
	224,40
	4,8
	8,8
	8,0
	4,252
	4,248
	0,240
	248,228
	0,0
	248,52
	0,232
	248,228
	0,0
	248,44
	252,240
	248,228
	8,0
	0,0
	28,48
	0,4
	252,0
	0,248
	8,0
	0,8
	252,4
	248,0
	248,252
	248,248
	248,240
163: s
 68
	0,0
	24,44
	0,4
	252,0
	0,248
	8,0
	0,8
	252,4
	244,4
	244,0
	244,252
	252,252
	0,248
	4,248
	8,252
	12,252
	8,252
	4,248
	0,0
	244,52
	252,244
	0,0
	244,36
	8,252
	12,252
	8,252
	0,0
	20,20
	252,240
	0,0
	240,48
	4,248
	8,252
	12,252
	8,252
	4,248
	0,248
	252,248
	244,252
	244,0
	244,4
	252,4
	0,8
	8,0
	0,248
	252,0
	0,4
164: t
 56
	0,0
	8,84
	244,212
	252,240
	0,244
	4,248
	4,252
	8,0
	8,8
	4,8
	0,0
	12,84
	244,212
	252,240
	0,236
	0,0
	8,84
	8,0
	240,200
	252,240
	0,0
	240,56
	40,0
165: u
 96
	0,0
	212,40
	4,8
	8,8
	8,0
	4,252
	4,248
	0,244
	248,236
	0,0
	236,52
	0,240
	252,240
	0,240
	0,0
	236,44
	248,236
	0,244
	4,248
	8,252
	8,0
	8,4
	8,8
	8,12
	0,0
	24,56
	248,224
	0,244
	4,248
	4,252
	8,0
	8,8
	4,8
	0,0
	28,56
	248,224
	0,236
	0,0
	24,56
	8,0
	248,228
	252,240
166: v
 80
	0,0
	220,40
	4,8
	8,8
	8,0
	4,252
	4,248
	0,244
	248,236
	0,0
	244,52
	0,240
	252,240
	0,240
	0,0
	244,44
	248,236
	0,244
	4,248
	8,252
	8,0
	8,4
	8,8
	8,12
	4,16
	0,16
	252,0
	0,252
	4,248
167: w
 120
	0,0
	200,40
	4,8
	8,8
	8,0
	4,252
	4,248
	0,244
	248,236
	0,0
	224,52
	0,240
	252,240
	0,240
	0,0
	224,44
	248,236
	0,244
	4,248
	8,252
	8,0
	8,4
	8,8
	4,12
	0,0
	8,56
	248,224
	0,244
	4,248
	8,252
	8,0
	8,4
	8,8
	8,12
	4,16
	0,16
	252,0
	0,252
	4,248
	0,0
	12,56
	248,224
	0,236
	0,0
	8,56
	8,0
	248,228
	252,240
170: x
 88
	0,0
	224,40
	8,12
	8,4
	8,0
	8,252
	4,248
	0,248
	0,0
	248,56
	4,252
	0,240
	252,240
	252,248
	248,248
	248,252
	248,0
	252,4
	0,8
	8,0
	0,248
	252,0
	0,4
	0,0
	0,48
	0,244
	252,240
	0,244
	0,0
	32,48
	0,4
	252,0
	0,248
	8,0
	0,8
	252,4
	248,0
	248,252
	248,248
	252,248
	252,240
	0,240
	4,252
	0,0
	248,20
	0,248
	4,248
	8,252
	8,0
	8,4
	8,12
171: y
 88
	0,0
	216,40
	4,8
	8,8
	8,0
	4,252
	4,248
	0,244
	248,236
	0,0
	240,52
	0,240
	252,240
	0,240
	0,0
	240,44
	248,236
	0,244
	4,248
	8,252
	8,0
	8,4
	8,8
	8,16
	0,0
	28,56
	240,200
	252,244
	248,244
	248,252
	0,0
	32,56
	240,200
	248,240
	0,0
	28,56
	8,0
	240,200
	248,240
	248,248
	244,252
	244,0
	248,4
	252,4
	0,8
	8,0
	0,248
	252,0
	0,4
172: z
 80
	0,0
	28,56
	252,248
	248,248
	224,232
	248,248
	252,248
	0,0
	24,48
	220,0
	248,252
	252,248
	0,0
	16,48
	240,4
	244,0
	252,252
	0,0
	16,48
	240,8
	244,0
	248,248
	252,244
	0,0
	232,8
	36,0
	8,4
	4,8
	0,0
	240,8
	16,252
	12,0
	4,4
	0,0
	240,8
	16,248
	12,0
	8,8
	4,12
173: {
 0
174: |
 0
175: }
 0
176: ~
 44
	0,0
	16,72
	252,0
	252,4
	0,4
	4,4
	4,0
	4,252
	0,248
	252,248
	252,252
	248,252
	0,0
	12,80
	0,252
	4,0
	0,4
	252,0
	0,0
	16,72
	0,252
	252,248
177:
 0
