0:
 0
1:
 0
2:
 0
3:
 0
4:
 0
5:
 0
6:
 0
7:
 0
10:
 0
11:
 0
12:
 0
13:
 0
14:
 0
15:
 0
16:
 0
17:
 0
20:
 0
21:
 0
22:
 0
23:
 0
24:
 0
25:
 0
26:
 0
27:
 0
30:
 0
31:
 0
32:
 0
33:
 0
34:
 0
35:
 0
36:
 0
37:
 0
40:  
 0
41: !
 44
	0,0
	12,84
	252,252
	248,208
	0,0
	12,80
	244,208
	0,0
	12,84
	4,252
	240,208
	0,0
	248,8
	252,252
	4,252
	4,4
	252,4
42: "
 72
	0,0
	248,84
	248,228
	0,0
	252,84
	244,228
	0,0
	28,84
	248,228
	0,0
	32,84
	244,228
43: #
 0
44: $
 84
	0,0
	8,100
	224,140
	0,0
	28,100
	224,140
	0,0
	32,68
	252,252
	4,252
	4,4
	0,4
	252,8
	252,4
	244,4
	240,0
	244,252
	248,248
	0,248
	4,248
	4,252
	28,240
	8,248
	0,0
	236,64
	8,248
	28,240
	4,252
	4,248
	0,244
	252,248
	252,252
	244,252
	240,0
	244,4
	252,4
	252,8
	0,4
	4,4
	4,252
	252,252
45: %
 60
	0,0
	4,84
	248,252
	252,248
	0,248
	4,248
	8,252
	8,0
	8,4
	4,8
	0,8
	252,8
	248,4
	248,0
46: &
 104
	0,0
	40,52
	252,252
	4,252
	4,4
	0,4
	252,4
	252,0
	248,252
	248,248
	236,224
	248,248
	248,252
	244,0
	244,4
	252,8
	0,8
	4,8
	4,4
	8,4
	20,8
	8,4
	8,8
	4,8
	0,8
	252,8
	248,4
	248,252
	252,248
	0,244
	4,232
	4,244
	8,244
	8,248
	8,252
	8,0
	4,8
	0,4
	0,0
	228,0
	248,4
	252,8
	0,8
	4,8
	4,4
	24,12
	0,0
	244,60
	4,236
	4,244
	8,244
	8,248
	8,252
	8,0
	4,4
47: '
 36
	0,0
	12,84
	248,228
	0,0
	16,84
	244,228
50: (
 60
	0,0
	32,100
	240,244
	244,244
	248,244
	248,240
	252,236
	0,240
	4,236
	4,244
	4,248
	0,0
	16,88
	244,240
	248,240
	252,244
	252,236
	0,236
	4,236
	4,244
51: )
 60
	0,0
	4,100
	4,248
	4,244
	4,236
	0,240
	252,236
	248,240
	248,244
	244,244
	240,244
	0,0
	4,100
	4,244
	4,236
	0,236
	252,236
	252,244
	248,240
	244,240
52: *
 68
	0,0
	8,84
	0,208
	0,0
	244,72
	40,232
	0,0
	28,72
	216,232
53: +
 104
	0,0
	0,72
	0,184
	0,0
	220,36
	72,0
54: ,
 44
	0,0
	248,0
	252,4
	4,4
	4,252
	0,252
	252,248
	248,248
55: -
 104
	0,0
	220,36
	72,0
56: .
 44
	0,0
	248,8
	252,252
	4,252
	4,4
	252,4
57: /
 88
	0,0
	52,100
	152,128
60: 0
 84
	0,0
	8,84
	244,252
	248,248
	248,244
	252,244
	252,240
	0,244
	4,244
	4,252
	8,252
	8,0
	12,4
	8,8
	8,12
	4,12
	4,16
	0,12
	252,12
	252,4
	248,4
	248,0
	0,0
	8,84
	248,252
	248,248
	248,244
	252,244
	252,240
	0,244
	4,244
	8,248
	0,0
	252,0
	8,4
	8,8
	8,12
	4,12
	4,16
	0,12
	252,12
	248,8
61: 1
 84
	0,0
	8,68
	236,188
	0,0
	16,84
	232,172
	0,0
	16,84
	244,244
	244,248
	248,252
	0,0
	12,72
	240,248
	244,252
62: 2
 84
	0,0
	244,68
	4,252
	252,252
	252,4
	0,4
	4,8
	4,4
	12,4
	12,0
	12,252
	4,248
	0,248
	252,248
	248,248
	244,248
	240,248
	244,248
	248,248
	248,240
	0,0
	16,84
	8,252
	4,248
	0,248
	252,248
	248,248
	232,240
	0,0
	224,8
	4,4
	8,0
	20,248
	12,0
	8,4
	4,8
	0,0
	236,12
	20,244
	12,0
	8,4
	4,12
63: 3
 84
	0,0
	244,68
	4,252
	252,252
	252,4
	0,4
	4,8
	4,4
	12,4
	12,0
	12,252
	4,248
	0,248
	252,248
	244,248
	244,252
	0,0
	16,84
	8,252
	4,248
	0,248
	252,248
	248,248
	0,0
	252,44
	8,0
	12,252
	4,252
	4,248
	0,244
	252,248
	252,252
	244,252
	240,0
	244,4
	252,4
	252,8
	0,4
	4,4
	4,252
	252,252
	0,0
	4,44
	8,252
	4,252
	4,248
	0,244
	252,248
	252,252
	248,252
64: 4
 84
	0,0
	24,80
	232,176
	0,0
	28,84
	232,172
	0,0
	28,84
	196,196
	64,0
65: 5
 84
	0,0
	252,84
	236,216
	0,0
	252,84
	40,0
	0,0
	252,80
	20,0
	20,4
	0,0
	232,44
	4,4
	12,4
	12,0
	12,252
	4,252
	4,248
	0,244
	252,244
	248,248
	244,252
	244,0
	244,4
	252,4
	252,8
	0,4
	4,4
	4,252
	252,252
	0,0
	4,52
	8,252
	4,252
	4,248
	0,244
	252,244
	248,248
	248,252
66: 6
 84
	0,0
	28,72
	252,252
	4,252
	4,4
	0,4
	252,8
	248,4
	244,0
	244,252
	248,248
	248,244
	252,244
	252,240
	0,240
	4,248
	4,252
	8,252
	12,0
	12,4
	8,8
	4,8
	0,12
	252,8
	252,4
	248,4
	244,0
	248,252
	248,248
	252,248
	0,0
	8,84
	248,252
	248,248
	248,244
	252,244
	252,240
	0,236
	4,248
	0,0
	0,0
	8,4
	8,8
	4,8
	0,16
	252,8
67: 7
 84
	0,0
	240,84
	248,232
	0,0
	36,84
	252,244
	248,244
	236,232
	248,244
	252,248
	252,240
	0,0
	24,60
	232,232
	248,244
	252,248
	252,240
	0,0
	236,72
	12,12
	8,0
	20,244
	0,0
	240,76
	8,4
	8,0
	20,248
	8,0
	4,4
	4,8
70: 8
 84
	0,0
	4,84
	244,252
	252,252
	252,248
	0,244
	4,248
	8,252
	12,0
	16,4
	4,4
	4,8
	0,12
	252,8
	244,4
	244,0
	0,0
	4,84
	248,252
	252,252
	252,248
	0,244
	4,248
	4,252
	0,0
	8,44
	12,4
	4,4
	4,8
	0,12
	252,8
	248,4
	0,0
	252,44
	240,252
	248,248
	252,248
	0,244
	4,248
	12,252
	16,0
	16,4
	4,4
	4,8
	0,12
	252,8
	252,4
	248,4
	0,0
	252,44
	244,252
	248,248
	252,248
	0,244
	4,248
	8,252
	0,0
	0,0
	12,4
	4,4
	4,8
	0,16
	252,8
71: 9
 84
	0,0
	28,56
	252,248
	248,248
	248,252
	244,0
	248,4
	252,4
	252,8
	0,12
	4,8
	8,8
	12,4
	12,0
	8,252
	4,252
	4,248
	0,240
	252,240
	252,244
	248,244
	248,248
	244,252
	244,0
	248,4
	252,8
	0,4
	4,4
	4,252
	252,252
	0,0
	244,40
	252,8
	0,16
	4,8
	8,8
	8,4
	0,0
	24,80
	4,248
	0,236
	252,240
	252,244
	248,244
	248,248
	248,252
72: :
 44
	0,0
	4,56
	252,252
	4,252
	4,4
	252,4
	0,0
	248,8
	252,252
	4,252
	4,4
73: ;
 44
	0,0
	4,56
	252,252
	4,252
	4,4
	252,4
	0,0
	248,0
	252,4
	4,4
	4,252
	0,252
	252,248
	248,248
74: <
 0
75: =
 104
	0,0
	220,48
	72,0
	0,0
	220,24
	72,0
76: >
 0
77: ?
 84
	0,0
	244,68
	4,252
	252,252
	252,4
	0,4
	4,8
	4,4
	12,4
	16,0
	12,252
	4,248
	0,248
	252,248
	252,252
	232,248
	248,252
	0,248
	4,252
	8,0
	0,0
	20,84
	8,252
	4,248
	0,248
	252,248
	252,252
	248,252
	0,0
	248,8
	252,252
	4,252
	4,4
	252,4
100: @
 0
101: A
 80
	0,0
	12,84
	204,172
	0,0
	12,84
	4,172
	0,0
	8,76
	4,180
	0,0
	232,24
	36,0
	0,0
	208,0
	24,0
	0,0
	0,0
	24,0
102: B
 96
	0,0
	244,84
	232,172
	0,0
	248,84
	232,172
	0,0
	232,84
	44,0
	12,252
	4,248
	0,248
	252,244
	252,252
	244,252
	0,0
	20,84
	8,252
	4,248
	0,248
	252,244
	252,252
	248,252
	0,0
	236,44
	36,0
	8,252
	4,248
	0,248
	252,244
	248,248
	240,252
	208,0
	0,0
	16,44
	4,252
	4,248
	0,248
	252,244
	248,248
	244,252
103: C
 84
	0,0
	32,76
	4,0
	4,8
	252,232
	0,8
	252,8
	252,4
	248,4
	244,0
	244,252
	248,248
	248,244
	252,244
	252,240
	0,244
	4,244
	4,252
	12,252
	12,0
	8,4
	8,8
	4,8
	0,0
	8,84
	248,252
	248,248
	248,244
	252,244
	252,240
	0,244
	4,244
	4,252
	8,252
104: D
 92
	0,0
	244,84
	232,172
	0,0
	248,84
	232,172
	0,0
	232,84
	36,0
	12,252
	4,252
	4,244
	0,240
	252,240
	248,240
	248,248
	248,252
	240,252
	220,0
	0,0
	12,84
	8,252
	4,252
	4,244
	0,240
	252,240
	248,240
	248,248
	248,252
	244,252
105: E
 92
	0,0
	244,84
	232,172
	0,0
	248,84
	232,172
	0,0
	8,60
	248,224
	0,0
	232,84
	60,0
	252,232
	0,24
	0,0
	236,44
	24,0
	0,0
	208,0
	60,0
	8,20
	244,236
106: F
 88
	0,0
	244,84
	232,172
	0,0
	248,84
	232,172
	0,0
	8,60
	248,224
	0,0
	232,84
	60,0
	252,232
	0,24
	0,0
	236,44
	24,0
	0,0
	208,0
	28,0
107: G
 88
	0,0
	32,76
	4,0
	4,8
	252,232
	0,8
	252,8
	252,4
	248,4
	244,0
	244,252
	248,248
	248,244
	252,244
	252,240
	0,244
	4,244
	4,252
	12,252
	8,0
	12,4
	8,8
	8,16
	0,0
	8,84
	248,252
	248,248
	248,244
	252,244
	252,240
	0,244
	4,244
	4,252
	8,252
	0,0
	0,0
	8,4
	8,8
	8,16
	0,0
	12,28
	28,0
110: H
 104
	0,0
	240,84
	232,172
	0,0
	244,84
	232,172
	0,0
	36,84
	232,172
	0,0
	40,84
	232,172
	0,0
	228,84
	28,0
	0,0
	24,84
	28,0
	0,0
	232,44
	48,0
	0,0
	204,0
	28,0
	0,0
	0,0
	28,0
111: I
 52
	0,0
	12,84
	232,172
	0,0
	16,84
	232,172
	0,0
	0,84
	28,0
	0,0
	232,0
	28,0
112: J
 72
	0,0
	24,84
	236,188
	252,248
	252,252
	248,252
	248,0
	248,4
	252,8
	0,8
	4,4
	4,252
	252,252
	0,0
	20,84
	236,188
	252,248
	248,248
	0,0
	8,84
	28,0
113: K
 92
	0,0
	244,84
	232,172
	0,0
	248,84
	232,172
	0,0
	44,84
	188,204
	0,0
	4,48
	16,208
	0,0
	0,48
	16,208
	0,0
	232,84
	28,0
	0,0
	28,84
	24,0
	0,0
	208,0
	28,0
	0,0
	4,0
	24,0
114: L
 80
	0,0
	252,84
	232,172
	0,0
	0,84
	232,172
	0,0
	240,84
	28,0
	0,0
	216,0
	60,0
	8,24
	244,232
115: M
 108
	0,0
	240,84
	232,172
	0,0
	240,84
	4,172
	0,0
	244,84
	4,180
	0,0
	40,84
	204,172
	0,0
	40,84
	232,172
	0,0
	44,84
	232,172
	0,0
	228,84
	16,0
	0,0
	40,84
	16,0
	0,0
	204,0
	24,0
	0,0
	4,0
	28,0
116: N
 100
	0,0
	244,84
	232,172
	0,0
	244,84
	28,184
	0,0
	244,72
	28,184
	0,0
	40,84
	232,172
	0,0
	232,84
	12,0
	0,0
	28,84
	24,0
	0,0
	208,0
	24,0
117: O
 88
	0,0
	4,84
	244,252
	248,248
	248,244
	252,244
	252,240
	0,244
	4,244
	4,252
	8,252
	12,0
	12,4
	8,8
	8,12
	4,12
	4,16
	0,12
	252,12
	252,4
	248,4
	244,0
	0,0
	4,84
	248,252
	248,248
	248,244
	252,244
	252,240
	0,244
	4,244
	8,248
	0,0
	252,0
	8,4
	8,8
	8,12
	4,12
	4,16
	0,12
	252,12
	248,8
120: P
 92
	0,0
	244,84
	232,172
	0,0
	248,84
	232,172
	0,0
	232,84
	48,0
	12,252
	4,248
	0,248
	252,244
	248,248
	240,252
	224,0
	0,0
	24,84
	8,252
	4,248
	0,248
	252,244
	248,248
	244,252
	0,0
	208,0
	28,0
121: Q
 88
	0,0
	4,84
	244,252
	248,248
	248,244
	252,244
	252,240
	0,244
	4,244
	4,252
	8,252
	12,0
	12,4
	8,8
	8,12
	4,12
	4,16
	0,12
	252,12
	252,4
	248,4
	244,0
	0,0
	4,84
	248,252
	248,248
	248,244
	252,244
	252,240
	0,244
	4,244
	8,248
	0,0
	252,0
	8,4
	8,8
	8,12
	4,12
	4,16
	0,12
	252,12
	248,8
	0,0
	232,8
	0,4
	4,8
	8,4
	4,0
	8,252
	4,248
	0,228
	4,252
	8,0
	4,8
	0,4
	0,0
	4,12
	4,232
	4,252
	4,0
	4,4
122: R
 96
	0,0
	244,84
	232,172
	0,0
	248,84
	232,172
	0,0
	232,84
	44,0
	12,252
	4,248
	0,248
	252,244
	252,252
	244,252
	220,0
	0,0
	20,84
	8,252
	4,248
	0,248
	252,244
	252,252
	248,252
	0,0
	0,44
	8,252
	4,252
	4,224
	4,252
	8,0
	4,8
	0,4
	0,0
	12,36
	8,228
	4,252
	4,0
	4,4
	0,0
	208,0
	28,0
123: S
 92
	0,0
	32,76
	4,0
	4,8
	252,232
	0,8
	252,8
	252,4
	244,4
	240,0
	244,252
	248,248
	0,248
	4,248
	4,252
	28,240
	8,248
	0,0
	236,64
	8,248
	28,240
	4,252
	4,248
	0,244
	252,248
	252,252
	244,252
	240,0
	244,4
	252,4
	252,8
	0,8
	252,232
	4,8
	4,0
124: T
 84
	0,0
	12,84
	232,172
	0,0
	16,84
	232,172
	0,0
	244,84
	244,232
	8,24
	60,0
	252,232
	0,24
	0,0
	232,0
	28,0
125: U
 100
	0,0
	240,84
	244,212
	252,240
	0,244
	4,248
	12,252
	16,0
	12,4
	8,8
	4,12
	16,60
	0,0
	244,84
	244,212
	252,240
	0,244
	4,248
	8,252
	0,0
	228,84
	28,0
	0,0
	28,84
	24,0
126: V
 80
	0,0
	240,84
	4,172
	0,0
	244,84
	4,180
	0,0
	40,84
	204,172
	0,0
	232,84
	24,0
	0,0
	24,84
	24,0
127: W
 104
	0,0
	236,84
	248,172
	0,0
	240,84
	248,180
	0,0
	12,84
	216,172
	0,0
	12,84
	248,172
	0,0
	16,84
	248,180
	0,0
	44,84
	216,172
	0,0
	224,84
	28,0
	0,0
	32,84
	24,0
130: X
 88
	0,0
	240,84
	28,172
	0,0
	244,84
	28,172
	0,0
	40,84
	176,172
	0,0
	232,84
	24,0
	0,0
	24,84
	24,0
	0,0
	208,0
	24,0
	0,0
	0,0
	24,0
131: Y
 84
	0,0
	240,84
	16,216
	244,212
	0,0
	244,84
	16,216
	244,212
	0,0
	44,84
	216,216
	0,0
	232,84
	24,0
	0,0
	28,84
	24,0
	0,0
	232,0
	28,0
132: Z
 88
	0,0
	36,84
	180,172
	0,0
	40,84
	180,172
	0,0
	244,84
	244,232
	8,24
	56,0
	0,0
	216,0
	56,0
	8,24
	244,232
133: [
 0
134: \
 0
135: ]
 0
136: ^
 44
	0,0
	16,84
	248,248
	252,248
	0,252
	4,252
	4,4
	252,4
137: _
 0
140: `
 0
141: a
 84
	0,0
	24,56
	248,228
	252,240
	0,248
	4,252
	12,0
	8,8
	4,8
	0,0
	28,56
	248,228
	252,240
	0,248
	4,252
	0,0
	16,28
	0,12
	252,12
	248,4
	248,0
	244,252
	248,244
	252,244
	0,244
	4,248
	4,252
	8,252
	8,0
	8,4
	8,12
	4,12
	0,0
	252,56
	248,252
	248,244
	252,244
	0,240
	4,248
142: b
 76
	0,0
	248,84
	240,204
	0,244
	4,244
	4,252
	0,0
	252,84
	240,204
	0,0
	236,32
	4,12
	8,8
	8,4
	8,0
	8,252
	4,252
	4,248
	0,244
	252,244
	248,244
	244,252
	248,0
	248,4
	252,12
	0,16
	0,0
	16,52
	4,248
	0,240
	252,244
	248,244
	248,252
	0,0
	236,84
	16,0
143: c
 72
	0,0
	20,44
	0,252
	4,0
	0,4
	252,8
	248,4
	244,0
	244,252
	248,244
	252,244
	0,244
	4,248
	4,252
	8,252
	8,0
	12,4
	8,12
	0,0
	0,56
	248,252
	248,244
	252,244
	0,240
	4,248
144: d
 84
	0,0
	32,84
	240,200
	252,240
	0,248
	4,252
	12,0
	8,8
	4,8
	0,0
	36,84
	240,200
	252,240
	0,248
	4,252
	0,0
	16,28
	0,12
	252,12
	248,4
	248,0
	244,252
	248,244
	252,244
	0,244
	4,248
	4,252
	8,252
	8,0
	8,4
	8,12
	4,12
	0,0
	252,56
	248,252
	248,244
	252,244
	0,240
	4,248
	0,0
	20,84
	16,0
145: e
 72
	0,0
	236,20
	16,4
	12,4
	12,8
	4,8
	252,8
	248,4
	244,0
	244,252
	248,244
	252,244
	0,244
	4,248
	4,252
	8,252
	8,0
	12,4
	8,8
	0,0
	0,56
	248,252
	248,244
	252,244
	0,240
	4,248
146: f
 60
	0,0
	32,80
	252,252
	4,252
	4,4
	0,4
	252,4
	248,0
	248,252
	252,252
	252,248
	252,244
	244,200
	252,240
	252,248
	0,0
	24,84
	248,248
	252,248
	252,240
	248,220
	252,240
	252,244
	252,248
	252,252
	248,252
	248,0
	252,4
	0,4
	4,4
	4,252
	252,252
	0,0
	244,56
	40,0
147: g
 80
	0,0
	28,56
	240,200
	252,244
	248,244
	244,252
	244,0
	248,4
	252,4
	0,4
	4,4
	4,252
	252,252
	0,0
	24,56
	240,200
	252,244
	248,244
	248,252
	0,0
	16,28
	0,12
	252,12
	248,4
	248,0
	244,252
	248,244
	252,244
	0,244
	4,248
	4,252
	8,252
	8,0
	8,4
	8,12
	4,12
	0,0
	252,56
	248,252
	248,244
	252,244
	0,240
	4,248
150: h
 84
	0,0
	248,84
	232,172
	0,0
	252,84
	232,172
	0,0
	236,28
	8,16
	8,8
	8,4
	8,0
	8,252
	4,252
	0,248
	248,232
	0,244
	4,252
	0,0
	12,56
	8,248
	0,248
	248,232
	0,244
	4,252
	12,0
	8,8
	4,8
	0,0
	236,84
	16,0
151: i
 52
	0,0
	12,84
	252,252
	4,252
	4,4
	252,4
	0,0
	236,40
	4,8
	8,8
	12,0
	4,252
	0,244
	248,232
	0,244
	4,252
	0,0
	0,56
	4,252
	0,244
	248,232
	0,244
	4,252
	12,0
	8,8
	4,8
152: j
 52
	0,0
	16,84
	252,252
	4,252
	4,4
	252,4
	0,0
	240,40
	4,8
	8,8
	12,0
	4,252
	0,244
	244,216
	252,244
	252,248
	252,252
	248,252
	248,0
	252,4
	0,4
	4,4
	4,252
	252,252
	0,0
	4,56
	4,252
	0,244
	244,216
	252,244
	252,248
	248,248
153: k
 80
	0,0
	248,84
	232,172
	0,0
	252,84
	232,172
	0,0
	24,52
	252,252
	4,252
	4,4
	0,4
	252,4
	252,0
	248,252
	240,240
	248,252
	248,0
	0,0
	244,32
	8,252
	8,232
	4,252
	0,0
	244,32
	4,252
	8,232
	4,252
	8,0
	8,4
	8,12
	0,0
	236,84
	16,0
154: l
 48
	0,0
	12,84
	240,200
	252,240
	0,248
	4,252
	12,0
	8,8
	4,8
	0,0
	16,84
	240,200
	252,240
	0,248
	4,252
	0,0
	0,84
	16,0
155: m
 132
	0,0
	192,40
	4,8
	8,8
	12,0
	4,252
	0,248
	252,240
	248,228
	0,0
	212,56
	4,252
	0,248
	252,240
	248,228
	0,0
	216,28
	8,16
	8,8
	8,4
	8,0
	8,252
	4,252
	0,248
	244,216
	0,0
	248,56
	8,248
	0,248
	244,216
	0,0
	0,28
	8,16
	8,8
	8,4
	8,0
	8,252
	4,252
	0,248
	248,232
	0,244
	4,252
	0,0
	32,56
	8,248
	0,248
	248,232
	0,244
	4,252
	12,0
	8,8
	4,8
156: n
 92
	0,0
	212,40
	4,8
	8,8
	12,0
	4,252
	0,248
	252,240
	248,228
	0,0
	232,56
	4,252
	0,248
	252,240
	248,228
	0,0
	236,28
	8,16
	8,8
	8,4
	8,0
	8,252
	4,252
	0,248
	248,232
	0,244
	4,252
	0,0
	12,56
	8,248
	0,248
	248,232
	0,244
	4,252
	12,0
	8,8
	4,8
157: o
 72
	0,0
	0,56
	244,252
	248,244
	252,244
	0,244
	4,248
	4,252
	8,252
	8,0
	12,4
	8,12
	4,12
	0,12
	252,8
	252,4
	248,4
	248,0
	0,0
	0,56
	248,252
	248,244
	252,244
	0,240
	4,248
	0,0
	0,0
	8,4
	8,12
	4,12
	0,16
	252,8
160: p
 84
	0,0
	216,40
	4,8
	8,8
	12,0
	4,252
	0,248
	252,240
	240,200
	0,0
	236,56
	4,252
	0,248
	252,240
	240,200
	0,0
	240,28
	4,12
	8,12
	8,4
	8,0
	8,252
	4,252
	4,248
	0,244
	252,244
	248,244
	244,252
	248,0
	248,4
	252,12
	0,12
	0,0
	20,52
	4,248
	0,240
	252,244
	248,244
	248,252
	0,0
	208,228
	28,0
161: q
 80
	0,0
	24,56
	232,172
	0,0
	28,56
	232,172
	0,0
	16,28
	0,12
	252,12
	248,4
	248,0
	244,252
	248,244
	252,244
	0,244
	4,248
	4,252
	8,252
	8,0
	8,4
	8,12
	4,12
	0,0
	252,56
	248,252
	248,244
	252,244
	0,240
	4,248
	0,0
	244,228
	28,0
162: r
 68
	0,0
	224,40
	4,8
	8,8
	12,0
	4,252
	0,248
	252,240
	248,228
	0,0
	244,56
	4,252
	0,248
	252,240
	248,228
	0,0
	248,28
	8,16
	8,8
	8,4
	8,0
	4,252
	0,252
	252,252
	252,4
	4,4
163: s
 68
	0,0
	24,48
	0,252
	4,0
	0,4
	252,4
	244,4
	244,0
	244,252
	252,252
	0,248
	4,252
	28,240
	4,252
	0,0
	240,44
	4,252
	28,240
	4,252
	0,244
	252,252
	244,252
	244,0
	244,4
	252,4
	0,4
	4,0
	0,252
164: t
 56
	0,0
	8,84
	240,200
	252,240
	0,248
	4,252
	12,0
	8,8
	4,8
	0,0
	12,84
	240,200
	252,240
	0,248
	4,252
	0,0
	240,56
	36,0
165: u
 92
	0,0
	212,40
	4,8
	8,8
	12,0
	4,252
	0,244
	248,232
	0,248
	8,248
	0,0
	232,56
	4,252
	0,244
	248,232
	0,248
	4,252
	8,252
	8,0
	8,4
	8,8
	8,16
	0,0
	24,56
	248,228
	252,240
	0,248
	4,252
	12,0
	8,8
	4,8
	0,0
	28,56
	248,228
	252,240
	0,248
	4,252
166: v
 80
	0,0
	220,40
	4,8
	8,8
	12,0
	4,252
	0,244
	248,232
	0,248
	8,248
	0,0
	240,56
	4,252
	0,244
	248,232
	0,248
	4,252
	8,252
	4,0
	12,4
	8,8
	8,12
	4,16
	0,16
	252,0
	4,248
167: w
 116
	0,0
	200,40
	4,8
	8,8
	12,0
	4,252
	0,244
	248,232
	0,248
	8,248
	0,0
	220,56
	4,252
	0,244
	248,232
	0,248
	4,252
	8,252
	8,0
	8,4
	8,8
	4,8
	0,0
	8,56
	248,220
	0,244
	4,252
	8,252
	8,0
	8,4
	8,8
	4,8
	4,16
	0,20
	252,0
	4,248
	0,0
	12,56
	248,220
	0,244
	8,248
170: x
 80
	0,0
	228,40
	8,12
	8,4
	12,0
	4,248
	0,244
	0,0
	252,56
	4,248
	0,244
	252,240
	252,248
	248,248
	248,252
	252,0
	252,4
	0,4
	4,4
	4,252
	252,252
	0,0
	252,20
	0,244
	4,248
	12,0
	8,4
	8,12
	0,0
	28,52
	252,252
	4,252
	4,4
	0,4
	252,4
	252,0
	248,252
	248,248
	252,248
	252,240
	0,244
	4,248
171: y
 84
	0,0
	216,40
	4,8
	8,8
	12,0
	4,252
	0,244
	248,232
	0,248
	8,248
	0,0
	236,56
	4,252
	0,244
	248,232
	0,248
	4,252
	8,252
	8,0
	8,4
	8,8
	8,16
	0,0
	32,56
	240,200
	252,244
	248,244
	244,252
	244,0
	248,4
	252,4
	0,4
	4,4
	4,252
	252,252
	0,0
	28,56
	240,200
	252,244
	248,244
	248,252
172: z
 80
	0,0
	28,56
	252,248
	248,248
	224,232
	248,248
	252,248
	0,0
	232,40
	4,8
	8,8
	12,0
	16,248
	0,0
	236,48
	8,4
	12,0
	16,252
	8,0
	0,0
	232,8
	8,0
	16,252
	12,0
	8,4
	0,0
	240,8
	16,248
	12,0
	8,8
	4,8
173: {
 0
174: |
 0
175: }
 0
176: ~
 44
	0,0
	12,76
	252,4
	4,4
	4,252
	0,252
	252,248
	248,248
177:
 0
