0:
 0
1:
 0
2:
 0
3:
 0
4:
 0
5:
 0
6:
 0
7:
 0
10:
 0
11:
 0
12:
 0
13:
 0
14:
 0
15:
 0
16:
 0
17:
 0
20:
 0
21:
 0
22:
 0
23:
 0
24:
 0
25:
 0
26:
 0
27:
 0
30:
 0
31:
 0
32:
 0
33:
 0
34:
 0
35:
 0
36:
 0
37:
 0
40:  
 0
41: !
 44
	0,0
	0,84
	252,252
	0,248
	4,224
	0,0
	0,84
	0,200
	4,0
	0,0
	0,84
	4,0
	0,200
	0,0
	4,84
	4,252
	0,248
	252,224
	0,0
	0,12
	252,252
	0,252
	4,252
	4,0
	4,4
	0,4
	252,4
	252,0
	0,0
	0,8
	0,252
	4,0
	0,4
	252,0
42: "
 72
	0,0
	240,84
	252,252
	0,232
	0,0
	240,80
	252,232
	0,0
	240,84
	4,252
	248,232
	0,0
	20,84
	252,252
	0,232
	0,0
	20,80
	252,232
	0,0
	20,84
	4,252
	248,232
43: #
 0
44: $
 80
	0,0
	248,100
	0,140
	0,0
	8,100
	0,140
	0,0
	24,64
	0,4
	252,0
	0,248
	8,0
	0,8
	252,8
	252,4
	244,4
	240,0
	244,252
	248,248
	0,244
	4,248
	12,248
	24,248
	8,252
	4,248
	0,244
	252,248
	0,0
	232,60
	4,248
	8,252
	24,248
	8,252
	4,248
	0,0
	236,80
	252,248
	0,248
	4,248
	8,252
	24,248
	12,248
	4,248
	0,244
	252,248
	252,252
	244,252
	240,0
	244,4
	252,4
	252,8
	0,8
	8,0
	0,248
	252,0
	0,4
45: %
 56
	0,0
	252,84
	248,252
	252,248
	0,248
	4,248
	8,252
	8,0
	8,4
	4,8
	0,8
	252,8
	248,4
	248,0
	0,0
	252,84
	244,244
	4,240
	16,252
	12,12
	252,16
	240,4
	0,0
	4,84
	240,252
	252,240
	12,244
	16,4
	4,16
	244,12
46: &
 104
	0,0
	36,48
	0,4
	252,0
	0,248
	8,0
	0,8
	252,4
	252,0
	252,252
	252,248
	248,236
	248,244
	248,248
	248,252
	240,0
	248,4
	252,8
	0,12
	4,8
	24,16
	8,8
	4,8
	0,8
	252,8
	248,4
	248,252
	252,248
	0,244
	4,244
	8,244
	16,236
	12,244
	8,252
	8,0
	4,8
	0,4
	0,0
	228,4
	252,8
	0,12
	4,8
	4,4
	0,0
	0,56
	4,16
	0,0
	4,64
	252,16
	0,0
	240,80
	252,240
	0,0
	240,52
	8,244
	16,236
	12,244
	8,252
	0,0
	240,0
	248,4
	252,8
	0,12
	4,8
	16,16
	0,0
	236,72
	4,240
	12,240
	16,236
	12,244
	8,252
	4,0
	4,4
47: '
 36
	0,0
	4,84
	252,252
	0,232
	0,0
	4,80
	252,232
	0,0
	4,84
	4,252
	248,232
50: (
 56
	0,0
	12,100
	248,248
	248,244
	248,240
	252,236
	0,240
	4,236
	8,240
	8,244
	8,248
	0,0
	252,76
	252,244
	252,240
	0,232
	4,240
	4,244
	0,0
	4,92
	252,248
	252,244
	252,232
	0,232
	4,232
	4,244
	4,248
51: )
 56
	0,0
	244,100
	8,248
	8,244
	8,240
	4,236
	0,240
	252,236
	248,240
	248,244
	248,248
	0,0
	4,76
	4,244
	4,240
	0,232
	252,240
	252,244
	0,0
	252,92
	4,248
	4,244
	4,232
	0,232
	252,232
	252,244
	252,248
52: *
 64
	0,0
	0,84
	252,252
	8,216
	252,252
	0,0
	0,84
	0,208
	0,0
	0,84
	4,252
	248,216
	4,252
	0,0
	236,72
	4,0
	32,232
	4,0
	0,0
	236,72
	40,232
	0,0
	236,72
	0,252
	40,240
	0,252
	0,0
	20,72
	252,0
	224,232
	252,0
	0,0
	20,72
	216,232
	0,0
	20,72
	0,252
	216,240
	0,252
53: +
 100
	0,0
	0,72
	0,188
	4,0
	0,0
	0,72
	4,0
	0,188
	0,0
	224,40
	68,0
	0,252
	0,0
	224,40
	0,252
	68,0
54: ,
 44
	0,0
	8,4
	252,252
	252,0
	252,4
	0,4
	4,4
	4,0
	4,252
	0,244
	252,248
	248,252
	0,0
	0,8
	0,252
	4,0
	0,4
	252,0
	0,0
	4,0
	4,252
	0,0
	8,4
	252,240
55: -
 100
	0,0
	224,40
	68,0
	0,252
	0,0
	224,40
	0,252
	68,0
56: .
 44
	0,0
	0,12
	252,252
	0,252
	4,252
	4,0
	4,4
	0,4
	252,4
	252,0
	0,0
	0,8
	0,252
	4,0
	0,4
	252,0
57: /
 92
	0,0
	36,100
	184,128
	4,0
	0,0
	36,100
	4,0
	184,128
60: 0
 80
	0,0
	252,84
	244,252
	248,244
	252,236
	0,244
	4,236
	8,244
	12,252
	8,0
	12,4
	8,12
	4,20
	0,12
	252,20
	248,12
	244,4
	248,0
	0,0
	240,76
	252,248
	252,240
	0,236
	4,240
	4,248
	0,0
	16,8
	4,8
	4,16
	0,20
	252,16
	252,8
	0,0
	252,84
	248,252
	252,248
	252,236
	0,236
	4,236
	4,248
	8,252
	0,0
	4,0
	8,4
	4,8
	4,20
	0,20
	252,20
	252,8
	248,4
61: 1
 80
	0,0
	252,76
	0,180
	0,0
	0,76
	0,184
	0,0
	4,84
	0,172
	0,0
	4,84
	244,244
	248,252
	0,0
	236,0
	40,0
	0,0
	252,4
	248,252
	0,0
	252,8
	252,248
	0,0
	4,8
	4,248
	0,0
	4,4
	8,252
62: 2
 80
	0,0
	232,68
	0,252
	4,0
	0,4
	252,0
	0,0
	232,72
	4,0
	4,252
	0,252
	252,252
	252,0
	252,4
	0,4
	4,8
	4,4
	12,4
	16,0
	12,252
	4,252
	4,248
	0,248
	252,248
	244,248
	236,248
	248,252
	248,248
	252,244
	0,244
	0,0
	20,76
	4,248
	0,248
	252,248
	0,0
	8,84
	8,252
	4,244
	0,248
	252,248
	248,248
	240,248
	0,0
	228,8
	4,4
	8,0
	20,252
	16,0
	8,4
	0,0
	240,12
	20,248
	16,0
	4,4
	0,0
	240,12
	20,244
	16,0
	4,4
	4,8
	0,8
63: 3
 80
	0,0
	232,68
	0,252
	4,0
	0,4
	252,0
	0,0
	232,72
	4,0
	4,252
	0,252
	252,252
	252,0
	252,4
	0,4
	4,8
	4,4
	12,4
	16,0
	12,252
	4,248
	0,244
	252,248
	244,252
	0,0
	16,80
	4,248
	0,244
	252,248
	0,0
	4,84
	8,252
	4,248
	0,244
	252,248
	248,252
	0,0
	252,48
	12,0
	8,252
	8,248
	4,248
	0,244
	252,248
	252,252
	244,252
	240,0
	244,4
	252,4
	252,8
	0,4
	4,4
	4,0
	4,252
	0,252
	252,252
	252,0
	0,0
	20,36
	4,248
	0,244
	252,248
	0,0
	4,48
	8,252
	4,252
	4,244
	0,244
	252,244
	248,252
	0,0
	232,20
	0,252
	4,0
	0,4
	252,0
64: 4
 80
	0,0
	4,72
	0,184
	0,0
	8,76
	0,184
	0,0
	12,84
	0,172
	0,0
	12,84
	212,196
	64,0
	0,0
	248,0
	32,0
	0,0
	4,4
	248,252
	0,0
	4,8
	252,248
	0,0
	12,8
	4,248
	0,0
	12,4
	8,252
65: 5
 80
	0,0
	236,84
	248,216
	8,8
	12,4
	12,0
	12,252
	8,248
	4,244
	0,248
	252,244
	248,248
	244,252
	244,0
	244,4
	252,4
	252,8
	0,4
	4,4
	4,0
	4,252
	0,252
	252,252
	252,0
	0,0
	20,44
	4,248
	0,240
	252,248
	0,0
	4,56
	8,252
	4,252
	4,244
	0,240
	252,244
	252,252
	248,252
	0,0
	232,20
	0,252
	4,0
	0,4
	252,0
	0,0
	236,84
	40,0
	0,0
	236,80
	32,0
	0,0
	236,76
	16,0
	16,4
	8,4
66: 6
 80
	0,0
	16,72
	0,252
	4,0
	0,4
	252,0
	0,0
	20,76
	252,0
	252,252
	0,252
	4,252
	4,0
	4,4
	0,4
	252,8
	248,4
	244,0
	244,252
	248,248
	252,248
	252,240
	0,232
	4,244
	8,248
	12,252
	8,0
	12,4
	8,8
	4,12
	0,4
	252,12
	248,8
	244,4
	248,0
	248,252
	252,252
	252,248
	0,0
	240,72
	252,248
	252,240
	0,232
	4,244
	4,252
	0,0
	20,12
	4,8
	0,12
	252,8
	0,0
	0,84
	248,252
	252,252
	252,248
	252,240
	0,228
	4,244
	4,248
	8,252
	0,0
	4,0
	8,4
	4,4
	4,12
	0,12
	252,12
	252,4
	248,4
67: 7
 80
	0,0
	228,84
	0,232
	0,0
	28,84
	0,244
	252,244
	240,236
	252,248
	252,240
	0,240
	0,0
	4,36
	252,248
	252,244
	0,240
	0,0
	24,60
	236,236
	248,244
	252,244
	0,240
	8,0
	0,0
	228,68
	4,8
	8,8
	8,0
	20,244
	8,0
	4,4
	4,8
	0,0
	236,76
	4,4
	8,0
	8,252
	0,0
	228,68
	4,4
	8,4
	8,0
	20,252
70: 8
 80
	0,0
	248,84
	244,252
	252,248
	0,244
	4,248
	12,252
	16,0
	12,4
	4,8
	0,12
	252,8
	244,4
	240,0
	0,0
	240,80
	252,248
	0,244
	4,248
	0,0
	16,52
	4,8
	0,12
	252,8
	0,0
	248,84
	252,252
	252,248
	0,244
	4,248
	4,252
	0,0
	8,48
	4,4
	4,8
	0,12
	252,8
	252,4
	0,0
	248,48
	244,252
	252,252
	252,248
	0,240
	4,248
	4,252
	12,252
	16,0
	12,4
	4,4
	4,8
	0,16
	252,8
	252,4
	244,4
	0,0
	236,40
	252,248
	0,240
	4,248
	0,0
	20,8
	4,8
	0,16
	252,8
	0,0
	248,48
	248,252
	252,244
	0,240
	4,244
	8,252
	0,0
	8,0
	8,4
	4,12
	0,16
	252,12
	248,4
71: 9
 80
	0,0
	236,16
	0,252
	4,0
	0,4
	252,0
	0,0
	20,48
	252,248
	252,252
	248,252
	248,0
	244,4
	248,8
	252,12
	0,4
	4,12
	8,8
	12,4
	8,0
	12,252
	8,248
	4,244
	0,232
	252,240
	252,248
	248,248
	244,252
	244,0
	248,4
	252,8
	0,4
	4,4
	4,0
	4,252
	0,252
	252,252
	252,0
	0,0
	236,44
	252,8
	0,12
	4,8
	0,0
	16,76
	4,252
	4,244
	0,232
	252,240
	252,248
	0,0
	252,32
	248,4
	252,4
	252,12
	0,12
	4,12
	4,4
	8,4
	0,0
	4,84
	8,252
	4,248
	4,244
	0,228
	252,240
	252,248
	252,252
	248,252
72: :
 44
	0,0
	0,56
	252,252
	0,252
	4,252
	4,0
	4,4
	0,4
	252,4
	252,0
	0,0
	0,52
	0,252
	4,0
	0,4
	252,0
	0,0
	0,12
	252,252
	0,252
	4,252
	4,0
	4,4
	0,4
	252,4
	252,0
	0,0
	0,8
	0,252
	4,0
	0,4
	252,0
73: ;
 44
	0,0
	0,56
	252,252
	0,252
	4,252
	4,0
	4,4
	0,4
	252,4
	252,0
	0,0
	0,52
	0,252
	4,0
	0,4
	252,0
	0,0
	8,4
	252,252
	252,0
	252,4
	0,4
	4,4
	4,0
	4,252
	0,244
	252,248
	248,252
	0,0
	0,8
	0,252
	4,0
	0,4
	252,0
	0,0
	4,0
	4,252
	0,0
	8,4
	252,240
74: <
 0
75: =
 100
	0,0
	224,56
	68,0
	0,252
	0,0
	224,56
	0,252
	68,0
	0,0
	224,24
	68,0
	0,252
	0,0
	224,24
	0,252
	68,0
76: >
 0
77: ?
 76
	0,0
	236,64
	0,4
	4,0
	0,248
	248,0
	0,8
	4,8
	4,4
	8,4
	16,0
	12,252
	4,252
	4,248
	0,248
	252,248
	252,252
	240,248
	0,0
	20,76
	4,252
	0,240
	252,252
	0,0
	8,84
	8,252
	4,248
	0,240
	252,248
	252,252
	0,0
	0,40
	0,244
	4,0
	0,12
	252,0
	0,0
	0,12
	252,252
	0,252
	4,252
	4,0
	4,4
	0,4
	252,4
	252,0
	0,0
	0,8
	0,252
	4,0
	0,4
	252,0
100: @
 0
101: A
 80
	0,0
	0,84
	228,176
	0,0
	252,72
	24,184
	0,0
	0,72
	24,184
	0,0
	0,84
	28,172
	0,0
	236,24
	36,0
	0,0
	220,0
	24,0
	0,0
	8,0
	28,0
	0,0
	228,4
	252,252
	0,0
	228,4
	8,252
	0,0
	20,4
	248,252
	0,0
	20,8
	252,248
	0,0
	24,8
	8,248
102: B
 88
	0,0
	232,84
	0,172
	0,0
	236,80
	0,180
	0,0
	240,84
	0,172
	0,0
	220,84
	48,0
	12,252
	4,252
	4,248
	0,248
	252,248
	252,252
	244,252
	0,0
	24,76
	4,248
	0,248
	252,248
	0,0
	12,84
	8,252
	4,248
	0,240
	252,248
	248,252
	0,0
	240,44
	28,0
	12,252
	4,252
	4,248
	0,244
	252,248
	252,252
	244,252
	208,0
	0,0
	24,36
	4,248
	0,244
	252,248
	0,0
	12,44
	8,252
	4,248
	0,236
	252,248
	248,252
	0,0
	224,84
	8,252
	0,0
	228,84
	4,248
	0,0
	244,84
	252,248
	0,0
	248,84
	248,252
	0,0
	232,4
	248,252
	0,0
	232,8
	252,248
	0,0
	240,8
	4,248
	0,0
	240,4
	8,252
103: C
 84
	0,0
	24,72
	4,12
	0,232
	252,12
	248,8
	248,4
	244,0
	244,252
	248,248
	252,248
	252,244
	0,236
	4,244
	4,248
	8,248
	12,252
	12,0
	8,4
	8,8
	4,8
	0,0
	236,72
	252,248
	252,244
	0,236
	4,244
	4,248
	0,0
	252,84
	248,252
	248,244
	252,240
	0,236
	4,240
	8,244
	8,252
104: D
 88
	0,0
	232,84
	0,172
	0,0
	236,80
	0,180
	0,0
	240,84
	0,172
	0,0
	220,84
	40,0
	12,252
	8,248
	4,248
	4,244
	0,236
	252,244
	252,248
	248,248
	244,252
	216,0
	0,0
	20,72
	4,248
	4,244
	0,236
	252,244
	252,248
	0,0
	4,84
	8,252
	8,244
	4,240
	0,236
	252,240
	248,244
	248,252
	0,0
	224,84
	8,252
	0,0
	228,84
	4,248
	0,0
	244,84
	252,248
	0,0
	248,84
	248,252
	0,0
	232,4
	248,252
	0,0
	232,8
	252,248
	0,0
	240,8
	4,248
	0,0
	240,4
	8,252
105: E
 84
	0,0
	232,84
	0,172
	0,0
	236,80
	0,180
	0,0
	240,84
	0,172
	0,0
	220,84
	64,0
	0,232
	0,0
	240,44
	24,0
	0,0
	8,60
	0,224
	0,0
	220,0
	64,0
	0,24
	0,0
	224,84
	8,252
	0,0
	228,84
	4,248
	0,0
	244,84
	252,248
	0,0
	248,84
	248,252
	0,0
	8,84
	20,252
	0,0
	16,84
	12,248
	0,0
	20,84
	8,244
	0,0
	24,84
	4,232
	0,0
	8,60
	252,240
	4,240
	0,0
	8,52
	248,248
	8,248
	0,0
	8,48
	240,252
	16,252
	0,0
	232,4
	248,252
	0,0
	232,8
	252,248
	0,0
	240,8
	4,248
	0,0
	240,4
	8,252
	0,0
	8,0
	20,4
	0,0
	16,0
	12,8
	0,0
	20,0
	8,12
	0,0
	24,0
	4,24
106: F
 80
	0,0
	232,84
	0,172
	0,0
	236,80
	0,180
	0,0
	240,84
	0,172
	0,0
	220,84
	64,0
	0,232
	0,0
	240,44
	24,0
	0,0
	8,60
	0,224
	0,0
	220,0
	32,0
	0,0
	224,84
	8,252
	0,0
	228,84
	4,248
	0,0
	244,84
	252,248
	0,0
	248,84
	248,252
	0,0
	8,84
	20,252
	0,0
	16,84
	12,248
	0,0
	20,84
	8,244
	0,0
	24,84
	4,232
	0,0
	8,60
	252,240
	4,240
	0,0
	8,52
	248,248
	8,248
	0,0
	8,48
	240,252
	16,252
	0,0
	232,4
	248,252
	0,0
	232,8
	252,248
	0,0
	240,8
	4,248
	0,0
	240,4
	8,252
107: G
 92
	0,0
	24,72
	4,12
	0,232
	252,12
	248,8
	248,4
	244,0
	244,252
	248,248
	252,248
	252,244
	0,236
	4,244
	4,248
	8,248
	12,252
	12,0
	8,4
	8,0
	4,252
	0,32
	0,0
	236,72
	252,248
	252,244
	0,236
	4,244
	4,248
	0,0
	252,84
	248,252
	248,244
	252,240
	0,236
	4,240
	8,244
	8,252
	0,0
	24,28
	0,236
	0,0
	20,32
	0,232
	252,252
	0,0
	8,32
	32,0
	0,0
	12,32
	8,252
	0,0
	16,32
	4,248
	0,0
	32,32
	252,248
	0,0
	36,32
	248,252
110: H
 96
	0,0
	228,84
	0,172
	0,0
	232,80
	0,180
	0,0
	236,84
	0,172
	0,0
	20,84
	0,172
	0,0
	24,80
	0,180
	0,0
	28,84
	0,172
	0,0
	216,84
	32,0
	0,0
	8,84
	32,0
	0,0
	236,44
	40,0
	0,0
	216,0
	32,0
	0,0
	8,0
	32,0
	0,0
	220,84
	8,252
	0,0
	224,84
	4,248
	0,0
	240,84
	252,248
	0,0
	244,84
	248,252
	0,0
	12,84
	8,252
	0,0
	16,84
	4,248
	0,0
	32,84
	252,248
	0,0
	36,84
	248,252
	0,0
	228,4
	248,252
	0,0
	228,8
	252,248
	0,0
	236,8
	4,248
	0,0
	236,4
	8,252
	0,0
	20,4
	248,252
	0,0
	20,8
	252,248
	0,0
	28,8
	4,248
	0,0
	28,4
	8,252
111: I
 48
	0,0
	252,84
	0,172
	0,0
	0,80
	0,180
	0,0
	4,84
	0,172
	0,0
	240,84
	32,0
	0,0
	240,0
	32,0
	0,0
	244,84
	8,252
	0,0
	248,84
	4,248
	0,0
	8,84
	252,248
	0,0
	12,84
	248,252
	0,0
	252,4
	248,252
	0,0
	252,8
	252,248
	0,0
	4,8
	4,248
	0,0
	4,4
	8,252
112: J
 64
	0,0
	4,84
	0,188
	252,244
	252,252
	0,0
	8,80
	0,192
	252,244
	0,0
	12,84
	0,188
	252,244
	244,252
	248,0
	248,4
	252,8
	0,8
	4,4
	4,0
	4,252
	0,252
	252,252
	252,0
	0,0
	236,20
	0,252
	4,0
	0,4
	252,0
	0,0
	248,84
	32,0
	0,0
	252,84
	8,252
	0,0
	0,84
	4,248
	0,0
	16,84
	252,248
	0,0
	20,84
	248,252
113: K
 88
	0,0
	228,84
	0,172
	0,0
	232,80
	0,180
	0,0
	236,84
	0,172
	0,0
	24,80
	212,212
	0,0
	248,44
	28,212
	0,0
	252,44
	28,212
	0,0
	252,52
	32,204
	0,0
	216,84
	32,0
	0,0
	12,84
	24,0
	0,0
	216,0
	32,0
	0,0
	8,0
	28,0
	0,0
	220,84
	8,252
	0,0
	224,84
	4,248
	0,0
	240,84
	252,248
	0,0
	244,84
	248,252
	0,0
	20,84
	4,252
	0,0
	32,84
	248,252
	0,0
	228,4
	248,252
	0,0
	228,8
	252,248
	0,0
	236,8
	4,248
	0,0
	236,4
	8,252
	0,0
	20,8
	248,248
	0,0
	20,8
	12,248
114: L
 72
	0,0
	240,84
	0,172
	0,0
	244,80
	0,180
	0,0
	248,84
	0,172
	0,0
	228,84
	32,0
	0,0
	228,0
	60,0
	0,24
	0,0
	232,84
	8,252
	0,0
	236,84
	4,248
	0,0
	252,84
	252,248
	0,0
	0,84
	248,252
	0,0
	240,4
	248,252
	0,0
	240,8
	252,248
	0,0
	248,8
	4,248
	0,0
	248,4
	8,252
	0,0
	12,0
	20,4
	0,0
	20,0
	12,8
	0,0
	24,0
	8,12
	0,0
	28,0
	4,24
115: M
 104
	0,0
	224,84
	0,176
	0,0
	224,84
	28,172
	0,0
	228,84
	24,184
	0,0
	232,84
	24,184
	0,0
	24,84
	228,172
	0,0
	24,84
	0,172
	0,0
	28,80
	0,180
	0,0
	32,84
	0,172
	0,0
	212,84
	20,0
	0,0
	24,84
	20,0
	0,0
	212,0
	24,0
	0,0
	12,0
	32,0
	0,0
	216,84
	8,252
	0,0
	36,84
	252,248
	0,0
	40,84
	248,252
	0,0
	224,4
	248,252
	0,0
	224,4
	8,252
	0,0
	24,4
	248,252
	0,0
	24,8
	252,248
	0,0
	32,8
	4,248
	0,0
	32,4
	8,252
116: N
 96
	0,0
	228,84
	0,176
	0,0
	228,84
	56,172
	0,0
	232,84
	48,184
	0,0
	236,84
	48,184
	0,0
	28,80
	0,176
	0,0
	216,84
	20,0
	0,0
	16,84
	24,0
	0,0
	216,0
	24,0
	0,0
	220,84
	8,252
	0,0
	20,84
	8,252
	0,0
	36,84
	248,252
	0,0
	228,4
	248,252
	0,0
	228,4
	8,252
117: O
 88
	0,0
	252,84
	244,252
	248,248
	252,248
	252,240
	0,244
	4,240
	4,248
	8,248
	12,252
	8,0
	12,4
	8,8
	4,8
	4,16
	0,12
	252,16
	252,8
	248,8
	244,4
	248,0
	0,0
	236,72
	252,248
	252,244
	0,236
	4,244
	4,248
	0,0
	20,12
	4,8
	4,12
	0,20
	252,12
	252,8
	0,0
	252,84
	248,252
	248,244
	252,240
	0,236
	4,240
	8,244
	8,252
	0,0
	4,0
	8,4
	8,12
	4,16
	0,20
	252,16
	248,12
	248,4
120: P
 88
	0,0
	232,84
	0,172
	0,0
	236,80
	0,180
	0,0
	240,84
	0,172
	0,0
	220,84
	48,0
	12,252
	4,252
	4,248
	0,244
	252,248
	252,252
	244,252
	228,0
	0,0
	24,76
	4,248
	0,244
	252,248
	0,0
	12,84
	8,252
	4,248
	0,236
	252,248
	248,252
	0,0
	220,0
	32,0
	0,0
	224,84
	8,252
	0,0
	228,84
	4,248
	0,0
	244,84
	252,248
	0,0
	248,84
	248,252
	0,0
	232,4
	248,252
	0,0
	232,8
	252,248
	0,0
	240,8
	4,248
	0,0
	240,4
	8,252
121: Q
 88
	0,0
	252,84
	244,252
	248,248
	252,248
	252,240
	0,244
	4,240
	4,248
	8,248
	12,252
	8,0
	12,4
	8,8
	4,8
	4,16
	0,12
	252,16
	252,8
	248,8
	244,4
	248,0
	0,0
	236,72
	252,248
	252,244
	0,236
	4,244
	4,248
	0,0
	20,12
	4,8
	4,12
	0,20
	252,12
	252,8
	0,0
	252,84
	248,252
	248,244
	252,240
	0,236
	4,240
	8,244
	8,252
	0,0
	4,0
	8,4
	8,12
	4,16
	0,20
	252,16
	248,12
	248,4
	0,0
	240,12
	4,8
	8,4
	4,0
	8,252
	4,248
	4,232
	4,248
	8,0
	4,8
	0,8
	0,0
	16,252
	4,248
	4,252
	4,0
	0,0
	12,12
	8,236
	4,252
	4,0
	4,4
122: R
 88
	0,0
	232,84
	0,172
	0,0
	236,80
	0,180
	0,0
	240,84
	0,172
	0,0
	220,84
	48,0
	12,252
	4,252
	4,248
	0,248
	252,248
	252,252
	244,252
	228,0
	0,0
	24,76
	4,248
	0,248
	252,248
	0,0
	12,84
	8,252
	4,248
	0,240
	252,248
	248,252
	0,0
	0,44
	8,252
	4,248
	8,232
	4,248
	8,0
	4,8
	0,8
	0,0
	20,16
	4,248
	4,252
	4,0
	0,0
	8,40
	4,252
	12,232
	4,252
	4,0
	4,4
	0,0
	220,0
	32,0
	0,0
	224,84
	8,252
	0,0
	228,84
	4,248
	0,0
	244,84
	252,248
	0,0
	248,84
	248,252
	0,0
	232,4
	248,252
	0,0
	232,8
	252,248
	0,0
	240,8
	4,248
	0,0
	240,4
	8,252
123: S
 80
	0,0
	24,72
	4,12
	0,232
	252,12
	248,8
	244,4
	244,0
	244,252
	248,248
	0,244
	4,248
	12,248
	24,248
	8,252
	4,248
	0,244
	252,248
	0,0
	232,60
	4,248
	8,252
	24,248
	8,252
	4,248
	0,0
	236,80
	252,248
	0,248
	4,248
	8,252
	24,248
	12,248
	4,248
	0,244
	252,248
	252,252
	244,252
	244,0
	244,4
	248,8
	252,12
	0,232
	4,12
124: T
 80
	0,0
	224,84
	0,232
	0,0
	252,84
	0,172
	0,0
	0,80
	0,180
	0,0
	4,84
	0,172
	0,0
	32,84
	0,232
	0,0
	224,84
	64,0
	0,0
	240,0
	32,0
	0,0
	228,84
	252,232
	0,0
	232,84
	248,244
	0,0
	236,84
	244,248
	0,0
	244,84
	236,252
	0,0
	12,84
	20,252
	0,0
	20,84
	12,248
	0,0
	24,84
	8,244
	0,0
	28,84
	4,232
	0,0
	252,4
	248,252
	0,0
	252,8
	252,248
	0,0
	4,8
	4,248
	0,0
	4,4
	8,252
125: U
 96
	0,0
	228,84
	0,196
	4,244
	8,248
	12,252
	8,0
	12,4
	8,8
	4,12
	0,56
	0,0
	232,80
	0,196
	4,248
	0,0
	236,84
	0,192
	4,244
	4,252
	8,252
	0,0
	216,84
	32,0
	0,0
	16,84
	24,0
	0,0
	220,84
	8,252
	0,0
	224,84
	4,248
	0,0
	240,84
	252,248
	0,0
	244,84
	248,252
	0,0
	20,84
	8,252
	0,0
	36,84
	248,252
126: V
 80
	0,0
	228,84
	28,172
	0,0
	232,84
	24,184
	0,244
	0,0
	236,84
	24,184
	0,0
	28,80
	228,176
	0,0
	220,84
	28,0
	0,0
	12,84
	24,0
	0,0
	224,84
	8,248
	0,0
	240,84
	252,248
	0,0
	244,84
	248,252
	0,0
	20,84
	8,252
	0,0
	32,84
	252,252
127: W
 96
	0,0
	224,84
	16,172
	0,0
	228,84
	12,192
	0,236
	0,0
	232,84
	12,192
	0,0
	0,84
	244,192
	252,236
	0,0
	0,84
	16,172
	0,0
	4,84
	12,192
	0,236
	0,0
	8,84
	12,192
	0,0
	32,80
	244,196
	252,236
	0,0
	212,84
	32,0
	0,0
	0,84
	8,0
	0,0
	20,84
	24,0
	0,0
	216,84
	12,252
	0,0
	220,84
	8,248
	0,0
	236,84
	252,248
	0,0
	240,84
	248,252
	0,0
	24,84
	8,252
	0,0
	40,84
	248,252
130: X
 80
	0,0
	228,84
	48,172
	0,0
	232,84
	48,172
	0,0
	236,84
	48,172
	0,0
	24,80
	208,180
	0,0
	220,84
	28,0
	0,0
	12,84
	24,0
	0,0
	220,0
	24,0
	0,0
	8,0
	28,0
	0,0
	224,84
	12,248
	0,0
	240,84
	252,248
	0,0
	244,84
	248,252
	0,0
	16,84
	8,252
	0,0
	32,84
	248,252
	0,0
	232,4
	248,252
	0,0
	232,4
	8,252
	0,0
	20,4
	248,252
	0,0
	20,8
	252,248
	0,0
	20,8
	12,248
131: Y
 88
	0,0
	224,84
	28,212
	0,216
	0,0
	228,84
	28,212
	0,220
	0,0
	232,84
	28,212
	0,216
	0,0
	28,80
	232,216
	0,0
	216,84
	28,0
	0,0
	16,84
	24,0
	0,0
	240,0
	32,0
	0,0
	220,84
	8,252
	0,0
	240,84
	248,252
	0,0
	20,84
	8,252
	0,0
	36,84
	248,252
	0,0
	252,4
	248,252
	0,0
	252,8
	252,248
	0,0
	4,8
	4,248
	0,0
	4,4
	8,252
132: Z
 80
	0,0
	28,84
	200,0
	0,232
	0,0
	20,84
	208,172
	0,0
	24,84
	208,172
	0,0
	28,84
	208,172
	0,0
	228,0
	56,0
	0,24
	0,0
	232,84
	252,232
	0,0
	236,84
	248,244
	0,0
	240,84
	244,248
	0,0
	248,84
	236,252
	0,0
	8,0
	20,4
	0,0
	16,0
	12,8
	0,0
	20,0
	8,12
	0,0
	24,0
	4,24
133: [
 0
134: \
 0
135: ]
 0
136: ^
 44
	0,0
	8,84
	248,252
	252,248
	0,244
	4,252
	4,0
	4,4
	0,4
	252,4
	252,0
	252,252
	0,0
	0,64
	0,252
	4,0
	0,4
	252,0
	0,0
	0,80
	252,240
	0,0
	252,72
	4,252
137: _
 0
140: `
 0
141: a
 80
	0,0
	240,44
	0,4
	4,0
	0,248
	248,0
	0,8
	4,4
	8,4
	16,0
	8,252
	4,252
	4,248
	0,228
	4,248
	4,252
	0,0
	16,48
	4,248
	0,228
	4,248
	0,0
	8,56
	4,252
	4,248
	0,224
	4,248
	12,252
	4,0
	0,0
	16,36
	252,252
	236,252
	244,252
	252,248
	0,252
	4,248
	12,252
	12,0
	8,4
	4,8
	0,0
	240,24
	252,248
	0,252
	4,248
	0,0
	12,32
	240,252
	248,252
	252,248
	0,252
	4,248
	4,252
142: b
 84
	0,0
	232,84
	0,172
	4,4
	8,0
	0,0
	236,80
	0,184
	0,0
	220,84
	20,0
	0,176
	0,0
	240,44
	4,8
	8,4
	8,0
	12,252
	8,248
	4,244
	0,248
	252,244
	248,248
	244,252
	248,0
	248,4
	252,8
	0,0
	20,44
	4,248
	0,240
	252,248
	0,0
	4,56
	8,252
	4,252
	4,244
	0,240
	252,244
	252,252
	248,252
	0,0
	224,84
	8,252
	0,0
	228,84
	4,248
143: c
 76
	0,0
	20,40
	0,4
	252,0
	0,248
	8,0
	0,8
	248,8
	248,4
	244,0
	244,252
	248,248
	252,244
	0,248
	4,244
	8,248
	12,252
	8,0
	12,4
	8,8
	0,0
	236,44
	252,248
	0,240
	4,248
	0,0
	252,56
	248,252
	252,252
	252,244
	0,240
	4,244
	4,252
	8,252
144: d
 84
	0,0
	16,84
	0,172
	20,0
	0,0
	20,80
	0,180
	0,0
	4,84
	20,0
	0,172
	0,0
	16,44
	252,8
	248,4
	248,0
	244,252
	248,248
	252,244
	0,248
	4,244
	8,248
	12,252
	8,0
	8,4
	4,8
	0,0
	236,44
	252,248
	0,240
	4,248
	0,0
	252,56
	248,252
	252,252
	252,244
	0,240
	4,244
	4,252
	8,252
	0,0
	8,84
	8,252
	0,0
	12,84
	4,248
	0,0
	24,8
	4,248
	0,0
	24,4
	8,252
145: e
 76
	0,0
	236,32
	44,0
	0,8
	252,8
	252,4
	244,4
	248,0
	244,252
	248,248
	252,244
	0,248
	4,244
	8,248
	12,252
	8,0
	12,4
	8,8
	0,0
	20,36
	0,4
	252,8
	0,0
	236,44
	252,248
	0,240
	4,248
	0,0
	16,32
	0,12
	252,8
	248,4
	0,0
	252,56
	248,252
	252,252
	252,244
	0,240
	4,244
	4,252
	8,252
146: f
 56
	0,0
	20,76
	0,4
	252,0
	0,248
	8,0
	0,8
	252,4
	244,0
	248,252
	252,252
	252,244
	0,192
	0,0
	0,76
	252,244
	0,196
	0,0
	8,84
	252,252
	252,248
	0,184
	0,0
	236,56
	36,0
	0,0
	236,0
	32,0
	0,0
	248,4
	248,252
	0,0
	248,8
	252,248
	0,0
	0,8
	4,248
	0,0
	0,4
	8,252
147: g
 76
	0,0
	24,52
	4,252
	4,4
	252,4
	252,0
	248,252
	252,252
	0,0
	252,56
	248,252
	252,252
	252,248
	0,248
	4,248
	4,252
	8,252
	8,0
	8,4
	4,4
	4,8
	0,8
	252,8
	252,4
	248,4
	248,0
	0,0
	244,48
	252,248
	0,248
	4,248
	0,0
	12,24
	4,8
	0,8
	252,8
	0,0
	252,56
	252,252
	252,248
	0,240
	4,248
	4,252
	0,0
	4,16
	4,4
	4,8
	0,16
	252,8
	252,4
	0,0
	240,24
	252,252
	252,248
	0,252
	4,248
	4,252
	12,252
	16,0
	12,252
	4,252
	0,0
	240,0
	12,252
	16,0
	12,252
	0,0
	232,8
	4,252
	12,252
	20,0
	12,252
	4,248
	0,252
	252,248
	244,252
	232,0
	244,4
	252,8
	0,4
	4,8
	12,4
	0,0
	244,228
	248,4
	252,8
	0,4
	4,8
	8,4
150: h
 92
	0,0
	232,84
	0,172
	0,0
	236,80
	0,180
	0,0
	220,84
	20,0
	0,172
	0,0
	240,40
	4,8
	4,4
	8,4
	12,0
	8,252
	4,252
	4,244
	0,220
	0,0
	20,48
	4,244
	0,224
	0,0
	12,56
	4,252
	4,244
	0,216
	0,0
	220,0
	32,0
	0,0
	8,0
	32,0
	0,0
	224,84
	8,252
	0,0
	228,84
	4,248
	0,0
	232,4
	248,252
	0,0
	232,8
	252,248
	0,0
	240,8
	4,248
	0,0
	240,4
	8,252
	0,0
	20,4
	248,252
	0,0
	20,8
	252,248
	0,0
	28,8
	4,248
	0,0
	28,4
	8,252
151: i
 48
	0,0
	252,84
	0,248
	8,0
	0,8
	248,0
	0,0
	0,84
	0,248
	0,0
	252,80
	8,0
	0,0
	252,56
	0,200
	0,0
	0,52
	0,208
	0,0
	240,56
	20,0
	0,200
	0,0
	240,0
	32,0
	0,0
	244,56
	8,252
	0,0
	248,56
	4,248
	0,0
	252,4
	248,252
	0,0
	252,8
	252,248
	0,0
	4,8
	4,248
	0,0
	4,4
	8,252
152: j
 52
	0,0
	0,84
	0,248
	8,0
	0,8
	248,0
	0,0
	4,84
	0,248
	0,0
	0,80
	8,0
	0,0
	0,56
	0,188
	252,244
	252,252
	0,0
	4,52
	0,196
	252,244
	0,0
	244,56
	20,0
	0,192
	252,244
	252,252
	248,252
	244,0
	252,4
	0,8
	8,0
	0,248
	252,0
	0,4
	0,0
	248,56
	8,252
	0,0
	252,56
	4,248
153: k
 88
	0,0
	232,84
	0,172
	0,0
	236,80
	0,180
	0,0
	220,84
	20,0
	0,172
	0,0
	20,52
	220,220
	0,0
	0,32
	28,224
	0,0
	0,28
	24,228
	0,0
	252,28
	24,228
	0,0
	8,56
	28,0
	0,0
	220,0
	32,0
	0,0
	8,0
	28,0
	0,0
	224,84
	8,252
	0,0
	228,84
	4,248
	0,0
	12,56
	8,252
	0,0
	32,56
	244,252
	0,0
	232,4
	248,252
	0,0
	232,8
	252,248
	0,0
	240,8
	4,248
	0,0
	240,4
	8,252
	0,0
	20,8
	248,248
	0,0
	16,8
	16,248
154: l
 48
	0,0
	252,84
	0,172
	0,0
	0,80
	0,180
	0,0
	240,84
	20,0
	0,172
	0,0
	240,0
	32,0
	0,0
	244,84
	8,252
	0,0
	248,84
	4,248
	0,0
	252,4
	248,252
	0,0
	252,8
	252,248
	0,0
	4,8
	4,248
	0,0
	4,4
	8,252
155: m
 136
	0,0
	208,56
	0,200
	0,0
	212,52
	0,208
	0,0
	196,56
	20,0
	0,200
	0,0
	216,40
	4,8
	4,4
	8,4
	12,0
	8,252
	4,252
	4,244
	0,220
	0,0
	252,48
	4,244
	0,224
	0,0
	244,56
	4,252
	4,244
	0,216
	0,0
	4,40
	4,8
	4,4
	8,4
	12,0
	8,252
	4,252
	4,244
	0,220
	0,0
	40,48
	4,244
	0,224
	0,0
	32,56
	4,252
	4,244
	0,216
	0,0
	196,0
	32,0
	0,0
	240,0
	32,0
	0,0
	28,0
	32,0
	0,0
	200,56
	8,252
	0,0
	204,56
	4,248
	0,0
	208,4
	248,252
	0,0
	208,8
	252,248
	0,0
	216,8
	4,248
	0,0
	216,4
	8,252
	0,0
	252,4
	248,252
	0,0
	252,8
	252,248
	0,0
	4,8
	4,248
	0,0
	4,4
	8,252
	0,0
	40,4
	248,252
	0,0
	40,8
	252,248
	0,0
	48,8
	4,248
	0,0
	48,4
	8,252
156: n
 92
	0,0
	232,56
	0,200
	0,0
	236,52
	0,208
	0,0
	220,56
	20,0
	0,200
	0,0
	240,40
	4,8
	4,4
	8,4
	12,0
	8,252
	4,252
	4,244
	0,220
	0,0
	20,48
	4,244
	0,224
	0,0
	12,56
	4,252
	4,244
	0,216
	0,0
	220,0
	32,0
	0,0
	8,0
	32,0
	0,0
	224,56
	8,252
	0,0
	228,56
	4,248
	0,0
	232,4
	248,252
	0,0
	232,8
	252,248
	0,0
	240,8
	4,248
	0,0
	240,4
	8,252
	0,0
	20,4
	248,252
	0,0
	20,8
	252,248
	0,0
	28,8
	4,248
	0,0
	28,4
	8,252
157: o
 80
	0,0
	252,56
	244,252
	248,248
	252,244
	0,248
	4,244
	8,248
	12,252
	8,0
	12,4
	8,8
	4,12
	0,8
	252,12
	248,8
	244,4
	248,0
	0,0
	236,44
	252,248
	0,240
	4,248
	0,0
	20,12
	4,8
	0,16
	252,8
	0,0
	252,56
	248,252
	252,252
	252,244
	0,240
	4,244
	4,252
	8,252
	0,0
	4,0
	8,4
	4,4
	4,12
	0,16
	252,12
	252,4
	248,4
160: p
 84
	0,0
	232,56
	0,172
	0,0
	236,52
	0,180
	0,0
	220,56
	20,0
	0,172
	0,0
	240,44
	4,8
	8,4
	8,0
	12,252
	8,248
	4,244
	0,248
	252,244
	248,248
	244,252
	248,0
	248,4
	252,8
	0,0
	20,44
	4,248
	0,240
	252,248
	0,0
	4,56
	8,252
	4,252
	4,244
	0,240
	252,244
	252,252
	248,252
	0,0
	220,228
	32,0
	0,0
	224,56
	8,252
	0,0
	228,56
	4,248
	0,0
	232,232
	248,252
	0,0
	232,236
	252,248
	0,0
	240,236
	4,248
	0,0
	240,232
	8,252
161: q
 80
	0,0
	16,52
	0,176
	0,0
	20,48
	0,184
	0,0
	12,52
	8,0
	4,4
	0,172
	0,0
	16,44
	252,8
	248,4
	248,0
	244,252
	248,248
	252,244
	0,248
	4,244
	8,248
	12,252
	8,0
	8,4
	4,8
	0,0
	236,44
	252,248
	0,240
	4,248
	0,0
	252,56
	248,252
	252,252
	252,244
	0,240
	4,244
	4,252
	8,252
	0,0
	4,228
	32,0
	0,0
	16,232
	248,252
	0,0
	16,236
	252,248
	0,0
	24,236
	4,248
	0,0
	24,232
	8,252
162: r
 68
	0,0
	240,56
	0,200
	0,0
	244,52
	0,208
	0,0
	228,56
	20,0
	0,200
	0,0
	20,48
	0,4
	252,0
	0,248
	8,0
	0,8
	252,4
	248,0
	248,252
	248,248
	252,244
	0,0
	228,0
	32,0
	0,0
	232,56
	8,252
	0,0
	236,56
	4,248
	0,0
	240,4
	248,252
	0,0
	240,8
	252,248
	0,0
	248,8
	4,248
	0,0
	248,4
	8,252
163: s
 68
	0,0
	20,48
	4,8
	0,240
	252,8
	252,4
	248,4
	240,0
	248,252
	252,252
	0,248
	4,248
	8,252
	20,252
	8,252
	4,244
	0,0
	240,52
	252,244
	0,0
	240,36
	8,252
	20,252
	8,252
	0,0
	24,20
	252,240
	0,0
	236,48
	4,248
	8,252
	20,252
	8,252
	4,248
	0,244
	252,252
	248,252
	240,0
	248,4
	252,4
	252,8
	0,240
	4,8
164: t
 60
	0,0
	248,76
	0,200
	4,244
	4,252
	8,252
	8,0
	8,4
	4,8
	0,0
	252,76
	0,196
	4,248
	0,0
	248,76
	8,8
	0,188
	4,244
	4,252
	0,0
	236,56
	36,0
165: u
 92
	0,0
	232,56
	0,220
	4,244
	4,252
	8,252
	12,0
	8,4
	4,4
	4,8
	0,0
	236,52
	0,220
	4,248
	0,0
	220,56
	20,0
	0,216
	4,244
	4,252
	0,0
	20,56
	0,200
	20,0
	0,0
	24,52
	0,208
	0,0
	8,56
	20,0
	0,200
	0,0
	224,56
	8,252
	0,0
	228,56
	4,248
	0,0
	28,8
	4,248
	0,0
	28,4
	8,252
166: v
 72
	0,0
	232,56
	24,200
	0,0
	236,56
	20,208
	0,0
	240,56
	20,208
	0,0
	24,52
	236,212
	252,248
	0,0
	224,56
	28,0
	0,0
	8,56
	24,0
	0,0
	228,56
	12,248
	0,0
	248,56
	248,252
	0,0
	16,56
	8,252
	0,0
	28,56
	252,252
167: w
 96
	0,0
	224,56
	16,200
	0,0
	228,56
	12,212
	0,0
	232,56
	12,212
	0,0
	0,56
	244,212
	252,244
	0,0
	0,56
	16,200
	0,0
	4,56
	12,212
	0,0
	0,56
	8,0
	12,212
	0,0
	32,52
	244,216
	252,244
	0,0
	212,56
	32,0
	0,0
	20,56
	24,0
	0,0
	216,56
	12,252
	0,0
	240,56
	248,252
	0,0
	24,56
	8,252
	0,0
	40,56
	248,252
170: x
 80
	0,0
	232,56
	40,200
	0,0
	236,56
	40,200
	0,0
	240,56
	40,200
	0,0
	20,52
	216,208
	0,0
	224,56
	28,0
	0,0
	8,56
	24,0
	0,0
	224,0
	24,0
	0,0
	4,0
	28,0
	0,0
	228,56
	8,252
	0,0
	248,56
	248,252
	0,0
	12,56
	8,252
	0,0
	28,56
	248,252
	0,0
	236,4
	248,252
	0,0
	236,4
	8,252
	0,0
	16,4
	248,252
	0,0
	20,4
	8,252
171: y
 76
	0,0
	232,56
	24,200
	0,0
	236,56
	20,208
	0,0
	240,56
	20,208
	0,0
	24,52
	236,212
	244,232
	248,248
	248,252
	248,0
	252,4
	0,8
	8,0
	0,248
	252,0
	0,4
	0,0
	224,56
	28,0
	0,0
	8,56
	24,0
	0,0
	228,56
	12,248
	0,0
	248,56
	248,252
	0,0
	16,56
	8,252
	0,0
	28,56
	252,252
172: z
 72
	0,0
	16,56
	216,200
	0,0
	20,56
	216,200
	0,0
	24,56
	216,200
	0,0
	24,56
	208,0
	0,240
	0,0
	232,0
	48,0
	0,16
	0,0
	236,56
	252,240
	0,0
	240,56
	248,244
	0,0
	244,56
	244,248
	0,0
	252,56
	236,252
	0,0
	4,0
	20,4
	0,0
	12,0
	12,8
	0,0
	16,0
	8,12
	0,0
	20,0
	4,16
173: {
 0
174: |
 0
175: }
 0
176: ~
 44
	0,0
	8,76
	252,252
	252,0
	252,4
	0,4
	4,4
	4,0
	4,252
	0,244
	252,248
	248,252
	0,0
	0,80
	0,252
	4,0
	0,4
	252,0
	0,0
	4,72
	4,252
	0,0
	8,76
	252,240
177:
 0
